0; 484
1; 482
2; 482
3; 482
4; 481
5; 478
6; 475
7; 474
8; 473
9; 470
10; 468
11; 465
12; 465
13; 465
14; 464
15; 464
0; 463
1; 463
2; 462
3; 460
4; 459
5; 456
6; 454
7; 453
8; 450
9; 449
10; 449
11; 448
12; 448
13; 448
14; 449
15; 449
0; 448
1; 447
2; 447
3; 448
4; 448
5; 451
6; 452
7; 451
8; 451
9; 450
10; 449
11; 449
12; 449
13; 451
14; 452
15; 453
0; 455
1; 456
2; 458
3; 458
4; 459
5; 460
6; 459
7; 460
8; 458
9; 459
10; 458
11; 458
12; 459
13; 457
14; 458
15; 459
0; 460
1; 462
2; 463
3; 463
4; 463
5; 461
6; 461
7; 458
8; 454
9; 450
10; 446
11; 446
12; 445
13; 446
14; 447
15; 449
0; 454
1; 457
2; 462
3; 468
4; 475
5; 482
6; 489
7; 497
8; 505
9; 513
10; 522
11; 528
12; 539
13; 547
14; 555
15; 567
0; 578
1; 590
2; 602
3; 611
4; 620
5; 623
6; 626
7; 629
8; 626
9; 617
10; 600
11; 582
12; 564
13; 548
14; 537
15; 527
0; 518
1; 508
2; 497
3; 487
4; 472
5; 454
6; 435
7; 418
8; 400
9; 379
10; 361
11; 347
12; 334
13; 324
14; 318
15; 313
0; 312
1; 315
2; 321
3; 329
4; 337
5; 348
6; 359
7; 374
8; 388
9; 403
10; 416
11; 427
12; 440
13; 448
14; 455
15; 464
0; 475
1; 484
2; 491
3; 496
4; 496
5; 495
6; 496
7; 495
8; 491
9; 486
10; 482
11; 476
12; 470
13; 466
14; 465
15; 463
0; 463
1; 462
2; 463
3; 464
4; 466
5; 469
6; 472
7; 474
8; 476
9; 479
10; 486
11; 490
12; 494
13; 496
14; 497
15; 502
0; 505
1; 507
2; 508
3; 508
4; 508
5; 508
6; 506
7; 506
8; 503
9; 503
10; 505
11; 508
12; 509
13; 509
14; 512
15; 513
0; 515
1; 519
2; 522
3; 521
4; 519
5; 519
6; 520
7; 522
8; 520
9; 514
10; 511
11; 511
12; 510
13; 510
14; 512
15; 517
0; 519
1; 521
2; 527
3; 529
4; 536
5; 545
6; 553
7; 561
8; 564
9; 568
10; 569
11; 569
12; 572
13; 570
14; 569
15; 564
0; 556
1; 550
2; 538
3; 525
4; 515
5; 509
6; 511
7; 515
8; 519
9; 519
10; 520
11; 525
12; 527
13; 525
14; 527
15; 532
0; 540
1; 543
2; 549
3; 553
4; 554
5; 558
6; 562
7; 566
8; 568
9; 566
10; 569
11; 571
12; 572
13; 572
14; 572
15; 576
0; 575
1; 569
2; 563
3; 556
4; 551
5; 545
6; 544
7; 544
8; 544
9; 548
10; 547
11; 543
12; 541
13; 543
14; 550
15; 553
0; 551
1; 549
2; 547
3; 544
4; 538
5; 535
6; 533
7; 531
8; 527
9; 516
10; 505
11; 496
12; 487
13; 482
14; 478
15; 476
0; 475
1; 468
2; 464
3; 461
4; 456
5; 454
6; 451
7; 449
8; 447
9; 448
10; 450
11; 452
12; 457
13; 457
14; 458
15; 458
0; 456
1; 454
2; 453
3; 460
4; 465
5; 470
6; 474
7; 474
8; 475
9; 475
10; 476
11; 475
12; 472
13; 470
14; 464
15; 460
0; 464
1; 465
2; 463
3; 456
4; 448
5; 444
6; 438
7; 432
8; 432
9; 430
10; 424
11; 422
12; 423
13; 427
14; 436
15; 449
0; 457
1; 463
2; 467
3; 467
4; 464
5; 461
6; 463
7; 468
8; 471
9; 479
10; 487
11; 497
12; 503
13; 510
14; 517
15; 519
0; 513
1; 504
2; 499
3; 497
4; 490
5; 490
6; 489
7; 487
8; 484
9; 479
10; 481
11; 485
12; 491
13; 494
14; 492
15; 486
0; 477
1; 466
2; 462
3; 460
4; 448
5; 440
6; 431
7; 427
8; 426
9; 420
10; 411
11; 406
12; 402
13; 401
14; 405
15; 412
0; 419
1; 425
2; 430
3; 435
4; 439
5; 440
6; 442
7; 443
8; 441
9; 438
10; 437
11; 439
12; 439
13; 444
14; 449
15; 455
0; 462
1; 467
2; 473
3; 479
4; 483
5; 482
6; 472
7; 462
8; 453
9; 445
10; 444
11; 450
12; 460
13; 467
14; 469
15; 468
0; 465
1; 462
2; 460
3; 461
4; 464
5; 466
6; 469
7; 473
8; 475
9; 478
10; 478
11; 479
12; 477
13; 473
14; 467
15; 462
0; 454
1; 444
2; 439
3; 440
4; 439
5; 438
6; 436
7; 437
8; 440
9; 444
10; 445
11; 445
12; 448
13; 460
14; 470
15; 477
0; 485
1; 498
2; 510
3; 515
4; 516
5; 514
6; 508
7; 503
8; 497
9; 488
10; 479
11; 468
12; 457
13; 451
14; 451
15; 448
0; 447
1; 444
2; 445
3; 447
4; 449
5; 448
6; 451
7; 451
8; 448
9; 444
10; 441
11; 440
12; 439
13; 447
14; 454
15; 455
0; 456
1; 455
2; 455
3; 457
4; 465
5; 471
6; 473
7; 477
8; 484
9; 494
10; 505
11; 515
12; 525
13; 535
14; 546
15; 556
0; 568
1; 582
2; 593
3; 605
4; 622
5; 637
6; 651
7; 662
8; 669
9; 673
10; 670
11; 662
12; 652
13; 640
14; 624
15; 610
0; 600
1; 590
2; 579
3; 570
4; 557
5; 546
6; 527
7; 508
8; 492
9; 472
10; 450
11; 432
12; 418
13; 409
14; 402
15; 400
0; 400
1; 398
2; 399
3; 397
4; 397
5; 394
6; 391
7; 391
8; 391
9; 396
10; 399
11; 406
12; 412
13; 415
14; 419
15; 420
0; 419
1; 420
2; 423
3; 429
4; 435
5; 439
6; 444
7; 451
8; 456
9; 461
10; 464
11; 469
12; 475
13; 480
14; 489
15; 497
0; 503
1; 503
2; 504
3; 507
4; 508
5; 507
6; 506
7; 510
8; 511
9; 510
10; 511
11; 510
12; 510
13; 511
14; 510
15; 511
0; 512
1; 515
2; 516
3; 518
4; 519
5; 520
6; 524
7; 525
8; 526
9; 531
10; 536
11; 541
12; 543
13; 543
14; 546
15; 544
0; 543
1; 541
2; 539
3; 539
4; 536
5; 535
6; 532
7; 529
8; 531
9; 536
10; 542
11; 545
12; 543
13; 541
14; 544
15; 544
0; 542
1; 537
2; 545
3; 554
4; 555
5; 555
6; 554
7; 549
8; 543
9; 545
10; 537
11; 528
12; 523
13; 516
14; 515
15; 518
0; 519
1; 525
2; 532
3; 537
4; 539
5; 536
6; 535
7; 535
8; 534
9; 536
10; 543
11; 550
12; 552
13; 556
14; 558
15; 560
0; 566
1; 569
2; 572
3; 575
4; 573
5; 572
6; 572
7; 572
8; 571
9; 574
10; 576
11; 574
12; 578
13; 582
14; 587
15; 593
0; 601
1; 607
2; 604
3; 591
4; 573
5; 553
6; 546
7; 539
8; 534
9; 535
10; 534
11; 531
12; 528
13; 525
14; 524
15; 531
0; 541
1; 549
2; 556
3; 569
4; 582
5; 594
6; 599
7; 602
8; 594
9; 580
10; 564
11; 548
12; 532
13; 514
14; 500
15; 486
0; 474
1; 466
2; 463
3; 460
4; 455
5; 455
6; 453
7; 452
8; 449
9; 453
10; 460
11; 462
12; 463
13; 463
14; 465
15; 472
0; 477
1; 482
2; 481
3; 479
4; 478
5; 480
6; 482
7; 475
8; 474
9; 477
10; 478
11; 477
12; 477
13; 479
14; 476
15; 477
0; 478
1; 479
2; 483
3; 481
4; 483
5; 489
6; 487
7; 493
8; 497
9; 496
10; 495
11; 496
12; 497
13; 499
14; 502
15; 502
0; 500
1; 505
2; 512
3; 511
4; 510
5; 508
6; 508
7; 508
8; 505
9; 506
10; 504
11; 504
12; 507
13; 505
14; 505
15; 507
0; 509
1; 510
2; 508
3; 506
4; 502
5; 496
6; 493
7; 492
8; 491
9; 489
10; 487
11; 486
12; 485
13; 485
14; 484
15; 483
0; 482
1; 485
2; 489
3; 491
4; 491
5; 494
6; 498
7; 503
8; 503
9; 502
10; 500
11; 497
12; 502
13; 504
14; 506
15; 506
0; 505
1; 506
2; 505
3; 507
4; 507
5; 506
6; 511
7; 513
8; 513
9; 512
10; 511
11; 513
12; 516
13; 516
14; 519
15; 520
0; 522
1; 522
2; 522
3; 522
4; 523
5; 521
6; 519
7; 522
8; 520
9; 516
10; 511
11; 504
12; 502
13; 501
14; 503
15; 500
0; 499
1; 503
2; 505
3; 502
4; 502
5; 500
6; 497
7; 498
8; 498
9; 500
10; 501
11; 503
12; 499
13; 496
14; 499
15; 499
0; 499
1; 499
2; 499
3; 499
4; 495
5; 491
6; 490
7; 486
8; 483
9; 482
10; 485
11; 487
12; 489
13; 493
14; 493
15; 497
0; 495
1; 492
2; 494
3; 490
4; 487
5; 486
6; 481
7; 480
8; 474
9; 474
10; 478
11; 474
12; 473
13; 474
14; 476
15; 478
0; 483
1; 490
2; 490
3; 489
4; 487
5; 487
6; 488
7; 493
8; 500
9; 504
10; 509
11; 517
12; 525
13; 529
14; 531
15; 531
0; 531
1; 527
2; 521
3; 515
4; 509
5; 505
6; 504
7; 508
8; 509
9; 507
10; 504
11; 505
12; 507
13; 511
14; 514
15; 523
0; 532
1; 543
2; 555
3; 568
4; 583
5; 596
6; 607
7; 615
8; 622
9; 627
10; 629
11; 624
12; 615
13; 606
14; 597
15; 586
0; 578
1; 572
2; 565
3; 563
4; 556
5; 551
6; 544
7; 533
8; 523
9; 511
10; 500
11; 490
12; 474
13; 463
14; 454
15; 447
0; 441
1; 438
2; 434
3; 430
4; 428
5; 428
6; 430
7; 435
8; 442
9; 446
10; 449
11; 453
12; 451
13; 445
14; 446
15; 452
0; 452
1; 451
2; 455
3; 461
4; 466
5; 471
6; 479
7; 482
8; 486
9; 491
10; 494
11; 497
12; 500
13; 505
14; 510
15; 511
0; 514
1; 516
2; 519
3; 519
4; 519
5; 519
6; 519
7; 520
8; 522
9; 526
10; 529
11; 529
12; 530
13; 531
14; 529
15; 531
0; 531
1; 531
2; 531
3; 531
4; 533
5; 534
6; 535
7; 537
8; 536
9; 537
10; 539
11; 542
12; 542
13; 539
14; 539
15; 537
0; 536
1; 535
2; 532
3; 533
4; 534
5; 535
6; 538
7; 538
8; 536
9; 535
10; 534
11; 533
12; 533
13; 533
14; 532
15; 532
0; 531
1; 529
2; 533
3; 534
4; 537
5; 539
6; 540
7; 546
8; 547
9; 550
10; 552
11; 554
12; 559
13; 560
14; 564
15; 567
0; 566
1; 566
2; 564
3; 563
4; 565
5; 567
6; 572
7; 574
8; 575
9; 576
10; 577
11; 581
12; 581
13; 583
14; 584
15; 582
0; 583
1; 582
2; 583
3; 583
4; 584
5; 586
6; 586
7; 588
8; 589
9; 588
10; 588
11; 587
12; 587
13; 584
14; 583
15; 583
0; 582
1; 583
2; 581
3; 578
4; 577
5; 575
6; 574
7; 572
8; 569
9; 566
10; 563
11; 561
12; 558
13; 555
14; 556
15; 556
0; 555
1; 553
2; 550
3; 548
4; 544
5; 542
6; 541
7; 538
8; 537
9; 536
10; 535
11; 532
12; 529
13; 527
14; 525
15; 525
0; 523
1; 518
2; 516
3; 514
4; 514
5; 515
6; 514
7; 516
8; 516
9; 517
10; 520
11; 522
12; 524
13; 523
14; 518
15; 509
0; 500
1; 494
2; 488
3; 484
4; 479
5; 475
6; 472
7; 470
8; 467
9; 464
10; 463
11; 464
12; 465
13; 466
14; 467
15; 467
0; 468
1; 468
2; 469
3; 470
4; 469
5; 470
6; 471
7; 472
8; 475
9; 474
10; 475
11; 475
12; 476
13; 479
14; 480
15; 481
0; 481
1; 481
2; 481
3; 480
4; 481
5; 480
6; 478
7; 479
8; 482
9; 488
10; 491
11; 491
12; 489
13; 490
14; 493
15; 494
0; 497
1; 501
2; 503
3; 505
4; 506
5; 506
6; 506
7; 506
8; 508
9; 508
10; 508
11; 508
12; 508
13; 508
14; 509
15; 512
0; 512
1; 511
2; 512
3; 512
4; 511
5; 509
6; 508
7; 512
8; 512
9; 513
10; 513
11; 514
12; 516
13; 516
14; 516
15; 518
0; 518
1; 520
2; 519
3; 516
4; 514
5; 513
6; 513
7; 510
8; 507
9; 505
10; 504
11; 508
12; 510
13; 514
14; 516
15; 516
0; 516
1; 515
2; 514
3; 513
4; 511
5; 512
6; 510
7; 508
8; 505
9; 502
10; 502
11; 501
12; 499
13; 497
14; 495
15; 495
0; 494
1; 492
2; 491
3; 489
4; 488
5; 487
6; 486
7; 485
8; 484
9; 486
10; 485
11; 484
12; 484
13; 484
14; 484
15; 484
0; 486
1; 484
2; 482
3; 483
4; 483
5; 483
6; 485
7; 486
8; 486
9; 486
10; 487
11; 487
12; 487
13; 487
14; 487
15; 487
0; 487
1; 488
2; 489
3; 490
4; 489
5; 489
6; 489
7; 490
8; 489
9; 490
10; 490
11; 492
12; 492
13; 491
14; 490
15; 488
0; 488
1; 489
2; 488
3; 488
4; 486
5; 484
6; 482
7; 479
8; 476
9; 473
10; 470
11; 467
12; 464
13; 462
14; 459
15; 457
0; 457
1; 455
2; 455
3; 455
4; 456
5; 462
6; 467
7; 475
8; 480
9; 488
10; 497
11; 504
12; 513
13; 525
14; 535
15; 547
0; 557
1; 571
2; 584
3; 598
4; 611
5; 619
6; 625
7; 632
8; 637
9; 644
10; 644
11; 636
12; 624
13; 610
14; 598
15; 584
0; 575
1; 566
2; 555
3; 547
4; 537
5; 528
6; 516
7; 504
8; 489
9; 477
10; 463
11; 449
12; 435
13; 426
14; 419
15; 415
0; 412
1; 410
2; 409
3; 408
4; 409
5; 411
6; 412
7; 414
8; 416
9; 419
10; 419
11; 423
12; 426
13; 428
14; 431
15; 435
0; 440
1; 448
2; 452
3; 455
4; 457
5; 461
6; 464
7; 468
8; 473
9; 478
10; 480
11; 485
12; 488
13; 491
14; 491
15; 492
0; 495
1; 496
2; 496
3; 498
4; 499
5; 502
6; 500
7; 500
8; 501
9; 502
10; 502
11; 502
12; 502
13; 502
14; 504
15; 505
0; 504
1; 505
2; 507
3; 507
4; 508
5; 508
6; 508
7; 507
8; 507
9; 509
10; 508
11; 508
12; 509
13; 509
14; 510
15; 510
0; 510
1; 511
2; 511
3; 513
4; 514
5; 515
6; 516
7; 518
8; 520
9; 523
10; 525
11; 526
12; 528
13; 531
14; 529
15; 529
0; 530
1; 532
2; 531
3; 533
4; 534
5; 533
6; 533
7; 534
8; 535
9; 536
10; 537
11; 536
12; 537
13; 538
14; 540
15; 542
0; 543
1; 546
2; 547
3; 547
4; 549
5; 551
6; 554
7; 555
8; 556
9; 559
10; 562
11; 564
12; 564
13; 565
14; 564
15; 564
0; 566
1; 566
2; 567
3; 568
4; 569
5; 568
6; 567
7; 566
8; 566
9; 564
10; 562
11; 558
12; 556
13; 554
14; 551
15; 550
0; 549
1; 550
2; 549
3; 547
4; 549
5; 549
6; 552
7; 553
8; 554
9; 554
10; 554
11; 554
12; 551
13; 548
14; 546
15; 543
0; 542
1; 540
2; 536
3; 535
4; 532
5; 529
6; 527
7; 526
8; 526
9; 523
10; 518
11; 515
12; 511
13; 510
14; 506
15; 500
0; 493
1; 488
2; 486
3; 481
4; 480
5; 477
6; 473
7; 472
8; 470
9; 470
10; 468
11; 468
12; 470
13; 468
14; 470
15; 472
0; 475
1; 479
2; 480
3; 483
4; 483
5; 483
6; 483
7; 484
8; 483
9; 481
10; 479
11; 480
12; 479
13; 478
14; 478
15; 476
0; 475
1; 474
2; 475
3; 472
4; 472
5; 475
6; 474
7; 474
8; 476
9; 477
10; 480
11; 480
12; 478
13; 479
14; 481
15; 483
0; 484
1; 487
2; 486
3; 486
4; 488
5; 488
6; 489
7; 491
8; 490
9; 491
10; 490
11; 491
12; 491
13; 490
14; 491
15; 489
0; 489
1; 489
2; 486
3; 487
4; 485
5; 484
6; 481
7; 479
8; 479
9; 479
10; 481
11; 481
12; 480
13; 484
14; 484
15; 486
0; 485
1; 486
2; 489
3; 490
4; 491
5; 489
6; 488
7; 493
8; 492
9; 493
10; 496
11; 498
12; 501
13; 501
14; 504
15; 505
0; 507
1; 506
2; 505
3; 504
4; 503
5; 504
6; 507
7; 505
8; 504
9; 503
10; 501
11; 503
12; 503
13; 504
14; 503
15; 504
0; 507
1; 508
2; 508
3; 505
4; 507
5; 506
6; 504
7; 502
8; 497
9; 494
10; 493
11; 490
12; 487
13; 485
14; 482
15; 479
0; 476
1; 473
2; 471
3; 465
4; 461
5; 454
6; 449
7; 445
8; 442
9; 443
10; 445
11; 447
12; 449
13; 451
14; 455
15; 462
0; 468
1; 474
2; 478
3; 483
4; 486
5; 489
6; 492
7; 493
8; 496
9; 495
10; 497
11; 497
12; 496
13; 495
14; 491
15; 490
0; 492
1; 491
2; 492
3; 488
4; 489
5; 489
6; 490
7; 490
8; 488
9; 487
10; 486
11; 485
12; 485
13; 483
14; 484
15; 484
0; 484
1; 485
2; 485
3; 483
4; 483
5; 481
6; 480
7; 476
8; 473
9; 470
10; 468
11; 468
12; 464
13; 462
14; 459
15; 459
0; 456
1; 455
2; 456
3; 455
4; 457
5; 458
6; 458
7; 462
8; 468
9; 478
10; 484
11; 491
12; 501
13; 510
14; 520
15; 532
0; 543
1; 556
2; 569
3; 583
4; 596
5; 607
6; 616
7; 624
8; 631
9; 637
10; 640
11; 643
12; 636
13; 619
14; 604
15; 587
0; 571
1; 557
2; 545
3; 536
4; 526
5; 519
6; 511
7; 500
8; 494
9; 487
10; 479
11; 471
12; 460
13; 447
14; 435
15; 430
0; 423
1; 417
2; 415
3; 414
4; 414
5; 415
6; 416
7; 419
8; 420
9; 423
10; 423
11; 425
12; 427
13; 427
14; 431
15; 433
0; 437
1; 440
2; 443
3; 448
4; 451
5; 455
6; 461
7; 461
8; 463
9; 465
10; 468
11; 472
12; 475
13; 482
14; 491
15; 497
0; 505
1; 512
2; 518
3; 524
4; 528
5; 534
6; 535
7; 536
8; 536
9; 536
10; 537
11; 532
12; 528
13; 525
14; 522
15; 521
0; 519
1; 519
2; 518
3; 517
4; 519
5; 519
6; 520
7; 521
8; 522
9; 527
10; 530
11; 533
12; 536
13; 537
14; 540
15; 537
0; 533
1; 527
2; 520
3; 517
4; 512
5; 511
6; 509
7; 510
8; 513
9; 516
10; 522
11; 531
12; 542
13; 556
14; 565
15; 573
0; 576
1; 577
2; 579
3; 576
4; 574
5; 572
6; 568
7; 567
8; 567
9; 571
10; 575
11; 581
12; 590
13; 595
14; 601
15; 605
0; 605
1; 607
2; 606
3; 603
4; 601
5; 600
6; 601
7; 600
8; 598
9; 594
10; 588
11; 585
12; 581
13; 577
14; 574
15; 572
0; 574
1; 575
2; 578
3; 581
4; 583
5; 586
6; 588
7; 591
8; 592
9; 593
10; 595
11; 597
12; 599
13; 600
14; 600
15; 600
0; 599
1; 597
2; 594
3; 591
4; 590
5; 587
6; 586
7; 585
8; 580
9; 579
10; 575
11; 575
12; 575
13; 572
14; 572
15; 569
0; 567
1; 564
2; 563
3; 564
4; 563
5; 562
6; 561
7; 560
8; 560
9; 557
10; 554
11; 551
12; 549
13; 548
14; 544
15; 540
0; 536
1; 531
2; 528
3; 524
4; 520
5; 515
6; 509
7; 505
8; 499
9; 495
10; 490
11; 488
12; 487
13; 487
14; 489
15; 491
0; 491
1; 493
2; 493
3; 498
4; 502
5; 505
6; 508
7; 508
8; 504
9; 496
10; 487
11; 481
12; 476
13; 473
14; 473
15; 475
0; 479
1; 483
2; 489
3; 496
4; 503
5; 509
6; 512
7; 514
8; 515
9; 512
10; 507
11; 500
12; 496
13; 491
14; 485
15; 480
0; 476
1; 473
2; 471
3; 468
4; 468
5; 470
6; 471
7; 471
8; 470
9; 471
10; 471
11; 473
12; 476
13; 477
14; 479
15; 482
0; 484
1; 485
2; 486
3; 488
4; 489
5; 491
6; 491
7; 489
8; 490
9; 489
10; 492
11; 495
12; 495
13; 498
14; 498
15; 500
0; 501
1; 502
2; 505
3; 509
4; 511
5; 512
6; 510
7; 512
8; 511
9; 510
10; 509
11; 508
12; 508
13; 509
14; 511
15; 512
0; 511
1; 512
2; 511
3; 512
4; 511
5; 510
6; 511
7; 510
8; 508
9; 505
10; 502
11; 499
12; 496
13; 494
14; 492
15; 490
0; 491
1; 493
2; 497
3; 504
4; 512
5; 521
6; 524
7; 528
8; 531
9; 531
10; 535
11; 531
12; 528
13; 528
14; 526
15; 524
0; 517
1; 516
2; 514
3; 512
4; 515
5; 511
6; 512
7; 508
8; 507
9; 508
10; 509
11; 512
12; 508
13; 505
14; 506
15; 504
0; 503
1; 496
2; 490
3; 485
4; 480
5; 478
6; 472
7; 467
8; 470
9; 464
10; 469
11; 466
12; 463
13; 468
14; 468
15; 470
0; 471
1; 470
2; 474
3; 471
4; 472
5; 474
6; 473
7; 480
8; 481
9; 485
10; 489
11; 491
12; 497
13; 497
14; 499
15; 497
0; 492
1; 496
2; 495
3; 496
4; 496
5; 495
6; 498
7; 495
8; 491
9; 487
10; 481
11; 479
12; 474
13; 473
14; 472
15; 470
0; 473
1; 470
2; 466
3; 463
4; 459
5; 459
6; 453
7; 449
8; 445
9; 440
10; 443
11; 443
12; 449
13; 459
14; 468
15; 484
0; 498
1; 514
2; 528
3; 539
4; 553
5; 561
6; 571
7; 583
8; 590
9; 606
10; 614
11; 617
12; 624
13; 623
14; 632
15; 634
0; 635
1; 631
2; 619
3; 614
4; 600
5; 586
6; 576
7; 565
8; 561
9; 547
10; 548
11; 536
12; 524
13; 519
14; 503
15; 493
0; 480
1; 466
2; 455
3; 441
4; 432
5; 425
6; 420
7; 420
8; 416
9; 415
10; 413
11; 409
12; 412
13; 412
14; 417
15; 419
0; 419
1; 427
2; 428
3; 431
4; 434
5; 437
6; 444
7; 447
8; 454
9; 460
10; 464
11; 476
12; 481
13; 486
14; 488
15; 491
0; 497
1; 494
2; 497
3; 498
4; 497
5; 504
6; 502
7; 507
8; 509
9; 506
10; 511
11; 510
12; 515
13; 516
14; 516
15; 519
0; 518
1; 519
2; 519
3; 518
4; 523
5; 524
6; 525
7; 523
8; 520
9; 521
10; 512
11; 509
12; 508
13; 507
14; 511
15; 509
0; 508
1; 509
2; 507
3; 511
4; 509
5; 510
6; 511
7; 511
8; 515
9; 509
10; 508
11; 513
12; 515
13; 529
14; 534
15; 539
0; 545
1; 547
2; 555
3; 553
4; 552
5; 550
6; 545
7; 545
8; 538
9; 540
10; 532
11; 527
12; 529
13; 526
14; 524
15; 526
0; 531
1; 543
2; 554
3; 565
4; 573
5; 578
6; 586
7; 579
8; 578
9; 577
10; 569
11; 567
12; 563
13; 562
14; 560
15; 559
0; 563
1; 556
2; 553
3; 557
4; 559
5; 569
6; 567
7; 571
8; 574
9; 572
10; 576
11; 576
12; 581
13; 582
14; 582
15; 586
0; 581
1; 577
2; 572
3; 565
4; 567
5; 562
6; 565
7; 569
8; 566
9; 568
10; 561
11; 561
12; 557
13; 550
14; 556
15; 551
0; 545
1; 543
2; 538
3; 542
4; 536
5; 535
6; 534
7; 533
8; 537
9; 534
10; 535
11; 535
12; 532
13; 536
14; 536
15; 532
0; 527
1; 520
2; 521
3; 516
4; 513
5; 507
6; 499
7; 499
8; 500
9; 502
10; 503
11; 500
12; 505
13; 500
14; 496
15; 494
0; 494
1; 500
2; 500
3; 499
4; 503
5; 505
6; 512
7; 514
8; 513
9; 510
10; 507
11; 510
12; 508
13; 509
14; 506
15; 500
0; 499
1; 494
2; 491
3; 487
4; 481
5; 481
6; 478
7; 478
8; 477
9; 475
10; 480
11; 479
12; 481
13; 484
14; 486
15; 499
0; 501
1; 508
2; 508
3; 504
4; 508
5; 502
6; 495
7; 491
8; 486
9; 483
10; 480
11; 483
12; 480
13; 470
14; 464
15; 450
0; 441
1; 432
2; 423
3; 422
4; 422
5; 428
6; 436
7; 444
8; 457
9; 462
10; 467
11; 471
12; 479
13; 492
14; 496
15; 499
0; 497
1; 497
2; 499
3; 496
4; 497
5; 500
6; 498
7; 497
8; 489
9; 484
10; 480
11; 475
12; 477
13; 473
14; 469
15; 465
0; 463
1; 465
2; 462
3; 465
4; 473
5; 478
6; 488
7; 500
8; 509
9; 516
10; 527
11; 544
12; 547
13; 551
14; 557
15; 555
0; 553
1; 544
2; 537
3; 527
4; 519
5; 521
6; 518
7; 523
8; 524
9; 523
10; 532
11; 529
12; 531
13; 532
14; 529
15; 529
0; 523
1; 523
2; 524
3; 524
4; 529
5; 523
6; 521
7; 519
8; 515
9; 519
10; 513
11; 509
12; 503
13; 496
14; 496
15; 486
0; 478
1; 472
2; 462
3; 456
4; 449
5; 447
6; 445
7; 443
8; 445
9; 439
10; 438
11; 437
12; 433
13; 436
14; 437
15; 446
0; 449
1; 454
2; 460
3; 463
4; 470
5; 476
6; 480
7; 487
8; 492
9; 499
10; 503
11; 505
12; 505
13; 495
14; 490
15; 481
0; 468
1; 470
2; 469
3; 470
4; 473
5; 479
6; 487
7; 492
8; 496
9; 495
10; 492
11; 492
12; 483
13; 478
14; 477
15; 475
0; 476
1; 473
2; 467
3; 462
4; 462
5; 473
6; 477
7; 482
8; 488
9; 491
10; 497
11; 501
12; 505
13; 505
14; 506
15; 510
0; 507
1; 505
2; 509
3; 511
4; 520
5; 523
6; 527
7; 538
8; 545
9; 560
10; 567
11; 574
12; 586
13; 596
14; 611
15; 616
0; 625
1; 632
2; 632
3; 636
4; 633
5; 631
6; 627
7; 615
8; 609
9; 597
10; 588
11; 578
12; 567
13; 566
14; 560
15; 554
0; 551
1; 547
2; 545
3; 537
4; 528
5; 517
6; 503
7; 494
8; 478
9; 470
10; 463
11; 456
12; 459
13; 456
14; 457
15; 456
0; 451
1; 455
2; 455
3; 459
4; 458
5; 458
6; 460
7; 464
8; 476
9; 487
10; 500
11; 516
12; 527
13; 535
14; 530
15; 523
0; 519
1; 508
2; 502
3; 500
4; 497
5; 500
6; 497
7; 503
8; 501
9; 506
10; 524
11; 538
12; 564
13; 589
14; 604
15; 620
0; 623
1; 619
2; 606
3; 585
4; 568
5; 543
6; 525
7; 511
8; 499
9; 502
10; 502
11; 504
12; 510
13; 512
14; 518
15; 515
0; 515
1; 518
2; 522
3; 530
4; 533
5; 534
6; 534
7; 533
8; 535
9; 531
10; 531
11; 533
12; 534
13; 542
14; 541
15; 539
0; 537
1; 533
2; 535
3; 532
4; 535
5; 540
6; 543
7; 550
8; 549
9; 552
10; 555
11; 561
12; 582
13; 592
14; 606
15; 615
0; 617
1; 623
2; 617
3; 610
4; 599
5; 584
6; 576
7; 563
8; 561
9; 567
10; 574
11; 591
12; 599
13; 604
14; 603
15; 591
0; 586
1; 576
2; 570
3; 564
4; 556
5; 559
6; 559
7; 565
8; 572
9; 574
10; 586
11; 595
12; 602
13; 605
14; 605
15; 605
0; 605
1; 600
2; 597
3; 591
4; 592
5; 588
6; 587
7; 587
8; 582
9; 583
10; 578
11; 577
12; 577
13; 575
14; 577
15; 570
0; 564
1; 560
2; 555
3; 557
4; 551
5; 550
6; 551
7; 549
8; 550
9; 547
10; 543
11; 539
12; 533
13; 532
14; 527
15; 526
0; 526
1; 523
2; 527
3; 526
4; 527
5; 527
6; 526
7; 531
8; 525
9; 522
10; 519
11; 512
12; 509
13; 497
14; 489
15; 483
0; 478
1; 479
2; 475
3; 476
4; 478
5; 479
6; 488
7; 493
8; 499
9; 505
10; 508
11; 518
12; 519
13; 523
14; 524
15; 524
0; 525
1; 523
2; 520
3; 516
4; 509
5; 511
6; 506
7; 503
8; 502
9; 499
10; 504
11; 505
12; 507
13; 510
14; 509
15; 514
0; 513
1; 515
2; 514
3; 508
4; 509
5; 503
6; 499
7; 495
8; 487
9; 486
10; 483
11; 480
12; 479
13; 478
14; 484
15; 485
0; 488
1; 492
2; 492
3; 498
4; 499
5; 502
6; 506
7; 507
8; 513
9; 514
10; 517
11; 519
12; 518
13; 522
14; 517
15; 515
0; 515
1; 511
2; 513
3; 511
4; 510
5; 507
6; 502
7; 502
8; 497
9; 497
10; 496
11; 494
12; 497
13; 495
14; 495
15; 498
0; 496
1; 501
2; 499
3; 499
4; 496
5; 493
6; 495
7; 491
8; 490
9; 491
10; 491
11; 497
12; 498
13; 502
14; 506
15; 508
0; 514
1; 512
2; 514
3; 515
4; 514
5; 519
6; 514
7; 512
8; 511
9; 507
10; 508
11; 505
12; 505
13; 502
14; 498
15; 500
0; 501
1; 504
2; 502
3; 502
4; 500
5; 499
6; 503
7; 502
8; 499
9; 498
10; 498
11; 499
12; 495
13; 492
14; 495
15; 488
0; 489
1; 484
2; 480
3; 482
4; 480
5; 479
6; 477
7; 474
8; 476
9; 473
10; 473
11; 472
12; 472
13; 473
14; 469
15; 468
0; 468
1; 464
2; 465
3; 460
4; 459
5; 458
6; 455
7; 458
8; 454
9; 456
10; 452
11; 448
12; 450
13; 448
14; 449
15; 451
0; 453
1; 462
2; 467
3; 476
4; 487
5; 492
6; 503
7; 508
8; 515
9; 519
10; 519
11; 524
12; 519
13; 523
14; 521
15; 518
0; 523
1; 522
2; 519
3; 516
4; 509
5; 507
6; 499
7; 494
8; 488
9; 481
10; 480
11; 470
12; 463
13; 458
14; 451
15; 451
0; 447
1; 445
2; 445
3; 444
4; 448
5; 447
6; 450
7; 455
8; 458
9; 466
10; 467
11; 473
12; 480
13; 486
14; 497
15; 504
0; 515
1; 525
2; 534
3; 551
4; 558
5; 571
6; 579
7; 587
8; 597
9; 600
10; 607
11; 611
12; 607
13; 606
14; 591
15; 582
0; 572
1; 561
2; 559
3; 548
4; 541
5; 532
6; 522
7; 517
8; 502
9; 493
10; 481
11; 467
12; 456
13; 440
14; 429
15; 420
0; 413
1; 415
2; 414
3; 417
4; 418
5; 419
6; 424
7; 420
8; 419
9; 414
10; 408
11; 410
12; 410
13; 412
14; 415
15; 416
0; 422
1; 425
2; 431
3; 436
4; 440
5; 448
6; 450
7; 455
8; 458
9; 460
10; 467
11; 469
12; 473
13; 477
14; 479
15; 484
0; 482
1; 485
2; 485
3; 485
4; 489
5; 487
6; 490
7; 491
8; 491
9; 496
10; 494
11; 495
12; 495
13; 493
14; 496
15; 492
0; 492
1; 491
2; 489
3; 492
4; 490
5; 492
6; 492
7; 490
8; 493
9; 490
10; 489
11; 490
12; 491
13; 489
14; 492
15; 493
0; 494
1; 493
2; 496
3; 498
4; 500
5; 504
6; 503
7; 511
8; 511
9; 518
10; 519
11; 518
12; 519
13; 520
14; 523
15; 521
0; 518
1; 523
2; 519
3; 524
4; 523
5; 524
6; 530
7; 529
8; 532
9; 532
10; 531
11; 538
12; 536
13; 536
14; 538
15; 538
0; 542
1; 540
2; 542
3; 542
4; 543
5; 551
6; 551
7; 553
8; 557
9; 558
10; 564
11; 563
12; 566
13; 568
14; 564
15; 567
0; 563
1; 563
2; 563
3; 560
4; 559
5; 557
6; 557
7; 559
8; 555
9; 561
10; 561
11; 563
12; 565
13; 564
14; 572
15; 571
0; 579
1; 577
2; 575
3; 580
4; 577
5; 577
6; 575
7; 571
8; 571
9; 565
10; 561
11; 560
12; 556
13; 558
14; 554
15; 551
0; 549
1; 543
2; 545
3; 540
4; 537
5; 535
6; 532
7; 534
8; 529
9; 527
10; 524
11; 519
12; 515
13; 510
14; 507
15; 500
0; 492
1; 495
2; 491
3; 489
4; 489
5; 489
6; 492
7; 492
8; 495
9; 493
10; 491
11; 495
12; 492
13; 495
14; 496
15; 494
0; 496
1; 494
2; 495
3; 496
4; 494
5; 496
6; 492
7; 492
8; 490
9; 486
10; 489
11; 487
12; 488
13; 487
14; 487
15; 491
0; 490
1; 491
2; 490
3; 487
4; 491
5; 488
6; 487
7; 486
8; 482
9; 482
10; 479
11; 479
12; 479
13; 476
14; 480
15; 479
0; 479
1; 478
2; 479
3; 482
4; 479
5; 480
6; 480
7; 478
8; 481
9; 478
10; 478
11; 477
12; 476
13; 479
14; 476
15; 478
0; 479
1; 477
2; 481
3; 480
4; 481
5; 481
6; 480
7; 486
8; 484
9; 487
10; 484
11; 482
12; 483
13; 483
14; 486
15; 485
0; 481
1; 483
2; 486
3; 484
4; 487
5; 486
6; 492
7; 492
8; 492
9; 493
10; 493
11; 498
12; 494
13; 500
14; 498
15; 495
0; 502
1; 504
2; 507
3; 506
4; 504
5; 509
6; 506
7; 505
8; 503
9; 501
10; 503
11; 497
12; 495
13; 493
14; 489
15; 492
0; 489
1; 489
2; 490
3; 490
4; 495
5; 492
6; 494
7; 495
8; 493
9; 497
10; 495
11; 497
12; 497
13; 496
14; 500
15; 497
0; 496
1; 496
2; 493
3; 497
4; 495
5; 492
6; 488
7; 484
8; 484
9; 481
10; 481
11; 479
12; 476
13; 480
14; 478
15; 481
0; 478
1; 476
2; 480
3; 478
4; 480
5; 480
6; 478
7; 479
8; 478
9; 479
10; 476
11; 472
12; 471
13; 469
14; 470
15; 470
0; 468
1; 470
2; 471
3; 475
4; 475
5; 472
6; 479
7; 479
8; 480
9; 482
10; 479
11; 483
12; 483
13; 485
14; 479
15; 476
0; 476
1; 470
2; 467
3; 465
4; 462
5; 465
6; 462
7; 468
8; 467
9; 466
10; 472
11; 474
12; 478
13; 479
14; 478
15; 480
0; 477
1; 477
2; 476
3; 472
4; 475
5; 472
6; 471
7; 470
8; 468
9; 472
10; 471
11; 472
12; 475
13; 478
14; 486
15; 489
0; 500
1; 507
2; 513
3; 527
4; 533
5; 544
6; 555
7; 564
8; 583
9; 593
10; 602
11; 611
12; 618
13; 627
14; 627
15; 636
0; 638
1; 637
2; 633
3; 623
4; 615
5; 601
6; 587
7; 580
8; 569
9; 563
10; 551
11; 536
12; 530
13; 512
14; 503
15; 486
0; 469
1; 458
2; 438
3; 428
4; 417
5; 407
6; 406
7; 404
8; 404
9; 406
10; 405
11; 411
12; 411
13; 415
14; 417
15; 419
0; 424
1; 427
2; 432
3; 435
4; 439
5; 448
6; 451
7; 459
8; 464
9; 464
10; 470
11; 471
12; 476
13; 479
14; 479
15; 486
0; 488
1; 492
2; 496
3; 498
4; 504
5; 502
6; 505
7; 505
8; 504
9; 503
10; 504
11; 510
12; 509
13; 506
14; 505
15; 503
0; 504
1; 500
2; 497
3; 499
4; 492
5; 494
6; 494
7; 492
8; 498
9; 499
10; 504
11; 509
12; 513
13; 520
14; 521
15; 527
0; 531
1; 535
2; 543
3; 542
4; 545
5; 546
6; 545
7; 550
8; 550
9; 548
10; 547
11; 543
12; 548
13; 543
14; 543
15; 543
0; 541
1; 547
2; 546
3; 549
4; 551
5; 549
6; 554
7; 551
8; 552
9; 551
10; 548
11; 555
12; 556
13; 556
14; 557
15; 555
0; 559
1; 555
2; 556
3; 556
4; 557
5; 563
6; 561
7; 563
8; 564
9; 563
10; 568
11; 565
12; 565
13; 569
14; 570
15; 576
0; 573
1; 578
2; 579
3; 576
4; 578
5; 582
6; 584
7; 583
8; 580
9; 584
10; 582
11; 580
12; 580
13; 580
14; 585
15; 581
0; 586
1; 583
2; 582
3; 585
4; 586
5; 590
6; 587
7; 583
8; 587
9; 585
10; 584
11; 582
12; 578
13; 581
14; 576
15; 576
0; 572
1; 568
2; 572
3; 566
4; 562
5; 559
6; 553
7; 556
8; 551
9; 551
10; 547
11; 542
12; 543
13; 540
14; 540
15; 535
0; 530
1; 531
2; 525
3; 522
4; 519
5; 514
6; 515
7; 511
8; 507
9; 503
10; 498
11; 501
12; 498
13; 498
14; 496
15; 494
0; 497
1; 494
2; 493
3; 492
4; 488
5; 492
6; 492
7; 491
8; 493
9; 492
10; 497
11; 496
12; 493
13; 492
14; 493
15; 494
0; 494
1; 494
2; 493
3; 490
4; 493
5; 488
6; 492
7; 487
8; 482
9; 481
10; 477
11; 476
12; 476
13; 474
14; 476
15; 471
0; 469
1; 467
2; 464
3; 467
4; 465
5; 466
6; 468
7; 470
8; 476
9; 476
10; 479
11; 480
12; 478
13; 482
14; 479
15; 480
0; 480
1; 479
2; 484
3; 480
4; 479
5; 475
6; 471
7; 471
8; 467
9; 468
10; 468
11; 467
12; 472
13; 473
14; 478
15; 483
0; 487
1; 494
2; 497
3; 501
4; 506
5; 507
6; 513
7; 513
8; 514
9; 515
10; 513
11; 518
12; 514
13; 513
14; 512
15; 507
0; 509
1; 506
2; 504
3; 505
4; 500
5; 504
6; 501
7; 500
8; 499
9; 497
10; 499
11; 499
12; 498
13; 499
14; 498
15; 504
0; 502
1; 504
2; 505
3; 503
4; 507
5; 505
6; 504
7; 503
8; 501
9; 502
10; 498
11; 498
12; 497
13; 495
14; 501
15; 499
0; 501
1; 502
2; 503
3; 508
4; 508
5; 514
6; 515
7; 515
8; 519
9; 518
10; 516
11; 513
12; 508
13; 507
14; 505
15; 505
0; 503
1; 499
2; 501
3; 496
4; 492
5; 488
6; 481
7; 482
8; 476
9; 475
10; 474
11; 472
12; 477
13; 478
14; 480
15; 481
0; 480
1; 485
2; 482
3; 483
4; 483
5; 481
6; 483
7; 482
8; 483
9; 483
10; 480
11; 486
12; 486
13; 489
14; 492
15; 493
0; 499
1; 499
2; 504
3; 504
4; 502
5; 505
6; 505
7; 508
8; 508
9; 505
10; 505
11; 501
12; 498
13; 494
14; 492
15; 493
0; 494
1; 498
2; 500
3; 501
4; 507
5; 506
6; 505
7; 504
8; 498
9; 498
10; 489
11; 490
12; 485
13; 479
14; 479
15; 474
0; 472
1; 469
2; 464
3; 462
4; 456
5; 454
6; 455
7; 454
8; 460
9; 465
10; 472
11; 480
12; 485
13; 497
14; 507
15; 517
0; 525
1; 532
2; 542
3; 547
4; 560
5; 567
6; 571
7; 580
8; 585
9; 594
10; 600
11; 605
12; 614
13; 614
14; 609
15; 599
0; 587
1; 587
2; 583
3; 582
4; 582
5; 579
6; 578
7; 567
8; 564
9; 550
10; 538
11; 532
12; 515
13; 503
14; 483
15; 466
0; 457
1; 448
2; 442
3; 440
4; 437
5; 440
6; 440
7; 440
8; 440
9; 437
10; 439
11; 437
12; 437
13; 438
14; 438
15; 444
0; 445
1; 451
2; 459
3; 465
4; 477
5; 480
6; 486
7; 489
8; 492
9; 500
10; 502
11; 506
12; 510
13; 510
14; 516
15; 516
0; 519
1; 522
2; 524
3; 530
4; 527
5; 527
6; 526
7; 524
8; 530
9; 526
10; 524
11; 522
12; 520
13; 521
14; 514
15; 514
0; 515
1; 513
2; 518
3; 518
4; 520
5; 520
6; 519
7; 522
8; 520
9; 523
10; 523
11; 523
12; 527
13; 526
14; 529
15; 530
0; 530
1; 535
2; 533
3; 534
4; 535
5; 533
6; 539
7; 537
8; 538
9; 539
10; 536
11; 543
12; 543
13; 543
14; 545
15; 542
0; 547
1; 545
2; 550
3; 548
4; 547
5; 552
6; 552
7; 553
8; 557
9; 553
10; 560
11; 556
12; 561
13; 558
14; 552
15; 555
0; 552
1; 552
2; 550
3; 545
4; 550
5; 548
6; 551
7; 555
8; 556
9; 565
10; 566
11; 569
12; 574
13; 575
14; 583
15; 582
0; 586
1; 590
2; 589
3; 595
4; 594
5; 599
6; 600
7; 599
8; 604
9; 601
10; 601
11; 601
12; 599
13; 605
14; 599
15; 600
0; 595
1; 591
2; 591
3; 589
4; 591
5; 586
6; 578
7; 578
8; 576
9; 578
10; 574
11; 570
12; 578
13; 574
14; 577
15; 569
0; 563
1; 567
2; 560
3; 564
4; 557
5; 551
6; 553
7; 548
8; 545
9; 542
10; 536
11; 537
12; 527
13; 523
14; 517
15; 510
0; 510
1; 504
2; 500
3; 496
4; 490
5; 489
6; 484
7; 483
8; 481
9; 479
10; 481
11; 479
12; 481
13; 482
14; 483
15; 489
0; 491
1; 495
2; 498
3; 499
4; 504
5; 504
6; 504
7; 504
8; 501
9; 504
10; 499
11; 499
12; 497
13; 494
14; 495
15; 491
0; 491
1; 491
2; 489
3; 491
4; 487
5; 488
6; 486
7; 483
8; 486
9; 483
10; 484
11; 485
12; 484
13; 486
14; 481
15; 481
0; 480
1; 479
2; 482
3; 483
4; 484
5; 481
6; 478
7; 480
8; 481
9; 483
10; 482
11; 478
12; 480
13; 480
14; 481
15; 479
0; 478
1; 480
2; 480
3; 481
4; 480
5; 477
6; 479
7; 473
8; 479
9; 477
10; 476
11; 480
12; 481
13; 483
14; 483
15; 483
0; 487
1; 485
2; 485
3; 484
4; 481
5; 486
6; 483
7; 483
8; 483
9; 484
10; 487
11; 484
12; 486
13; 486
14; 484
15; 490
0; 488
1; 487
2; 487
3; 488
4; 492
5; 489
6; 492
7; 493
8; 491
9; 497
10; 495
11; 494
12; 494
13; 494
14; 499
15; 495
0; 493
1; 494
2; 491
3; 494
4; 489
5; 488
6; 488
7; 486
8; 491
9; 488
10; 489
11; 490
12; 487
13; 491
14; 490
15; 493
0; 494
1; 495
2; 500
3; 498
4; 498
5; 496
6; 491
7; 492
8; 488
9; 488
10; 487
11; 483
12; 487
13; 481
14; 481
15; 482
0; 478
1; 481
2; 476
3; 474
4; 474
5; 472
6; 475
7; 472
8; 478
9; 478
10; 475
11; 475
12; 473
13; 476
14; 475
15; 474
0; 475
1; 475
2; 477
3; 477
4; 476
5; 475
6; 473
7; 472
8; 471
9; 466
10; 470
11; 470
12; 472
13; 473
14; 470
15; 475
0; 473
1; 475
2; 476
3; 474
4; 478
5; 477
6; 478
7; 479
8; 478
9; 481
10; 479
11; 479
12; 478
13; 473
14; 476
15; 476
0; 475
1; 474
2; 473
3; 475
4; 471
5; 470
6; 466
7; 460
8; 463
9; 461
10; 459
11; 456
12; 454
13; 455
14; 453
15; 456
0; 457
1; 457
2; 466
3; 469
4; 474
5; 481
6; 486
7; 496
8; 503
9; 513
10; 521
11; 527
12; 543
13; 551
14; 564
15; 576
0; 586
1; 603
2; 609
3; 619
4; 625
5; 624
6; 630
7; 620
8; 609
9; 598
10; 586
11; 582
12; 568
13; 559
14; 551
15; 542
0; 538
1; 526
2; 516
3; 505
4; 492
5; 483
6; 466
7; 451
8; 437
9; 427
10; 423
11; 417
12; 416
13; 415
14; 417
15; 417
0; 417
1; 416
2; 418
3; 419
4; 423
5; 423
6; 425
7; 428
8; 428
9; 433
10; 435
11; 438
12; 441
13; 447
14; 454
15; 456
0; 462
1; 467
2; 469
3; 478
4; 480
5; 483
6; 483
7; 486
8; 488
9; 489
10; 492
11; 495
12; 497
13; 504
14; 504
15; 505
0; 505
1; 503
2; 509
3; 508
4; 510
5; 511
6; 507
7; 514
8; 515
9; 515
10; 513
11; 508
12; 513
13; 510
14; 510
15; 511
0; 511
1; 519
2; 515
3; 515
4; 517
5; 515
6; 519
7; 519
8; 520
9; 523
10; 522
11; 526
12; 524
13; 524
14; 520
15; 518
0; 524
1; 521
2; 524
3; 524
4; 523
5; 527
6; 525
7; 527
8; 527
9; 526
10; 532
11; 528
12; 529
13; 529
14; 527
15; 534
0; 531
1; 532
2; 534
3; 535
4; 541
5; 536
6; 537
7; 537
8; 538
9; 547
10; 546
11; 547
12; 551
13; 548
14; 556
15; 554
0; 555
1; 554
2; 553
3; 558
4; 557
5; 560
6; 562
7; 557
8; 566
9; 563
10; 563
11; 564
12; 564
13; 572
14; 572
15; 575
0; 574
1; 569
2; 577
3; 573
4; 572
5; 570
6; 565
7; 572
8; 569
9; 571
10; 571
11; 568
12; 569
13; 569
14; 570
15; 568
0; 566
1; 569
2; 571
3; 567
4; 564
5; 560
6; 559
7; 555
8; 550
9; 548
10; 543
11; 547
12; 545
13; 543
14; 539
15; 540
0; 539
1; 530
2; 533
3; 526
4; 521
5; 524
6; 521
7; 519
8; 519
9; 512
10; 513
11; 509
12; 507
13; 505
14; 502
15; 509
0; 508
1; 507
2; 503
3; 498
4; 499
5; 492
6; 489
7; 489
8; 487
9; 490
10; 487
11; 489
12; 491
13; 490
14; 494
15; 491
0; 488
1; 487
2; 485
3; 489
4; 482
5; 479
6; 478
7; 479
8; 487
9; 487
10; 489
11; 487
12; 482
13; 486
14; 483
15; 485
0; 485
1; 485
2; 489
3; 489
4; 487
5; 487
6; 484
7; 487
8; 481
9; 483
10; 478
11; 477
12; 480
13; 480
14; 482
15; 479
0; 470
1; 470
2; 470
3; 471
4; 475
5; 470
6; 475
7; 480
8; 481
9; 481
10; 479
11; 480
12; 476
13; 480
14; 480
15; 480
0; 484
1; 484
2; 484
3; 484
4; 484
5; 486
6; 485
7; 485
8; 487
9; 486
10; 488
11; 487
12; 489
13; 489
14; 490
15; 494
0; 493
1; 493
2; 494
3; 494
4; 502
5; 498
6; 496
7; 493
8; 488
9; 487
10; 487
11; 492
12; 493
13; 492
14; 496
15; 497
0; 501
1; 499
2; 497
3; 499
4; 498
5; 503
6; 504
7; 502
8; 507
9; 505
10; 502
11; 499
12; 492
13; 494
14; 492
15; 492
0; 495
1; 494
2; 500
3; 498
4; 499
5; 498
6; 497
7; 501
8; 499
9; 499
10; 498
11; 494
12; 498
13; 495
14; 495
15; 498
0; 494
1; 495
2; 492
3; 492
4; 489
5; 487
6; 491
7; 487
8; 487
9; 482
10; 477
11; 480
12; 476
13; 479
14; 482
15; 483
0; 485
1; 484
2; 484
3; 484
4; 480
5; 481
6; 478
7; 478
8; 476
9; 474
10; 477
11; 477
12; 483
13; 483
14; 483
15; 485
0; 481
1; 480
2; 483
3; 482
4; 483
5; 481
6; 481
7; 482
8; 482
9; 489
10; 487
11; 486
12; 484
13; 479
14; 484
15; 485
0; 486
1; 486
2; 484
3; 487
4; 483
5; 479
6; 476
7; 476
8; 479
9; 481
10; 484
11; 483
12; 481
13; 480
14; 478
15; 478
0; 473
1; 469
2; 472
3; 465
4; 462
5; 460
6; 459
7; 466
8; 465
9; 464
10; 465
11; 468
12; 477
13; 478
14; 483
15; 487
0; 488
1; 495
2; 501
3; 511
4; 520
5; 529
6; 545
7; 552
8; 564
9; 578
10; 588
11; 604
12; 609
13; 617
14; 621
15; 618
0; 619
1; 608
2; 600
3; 590
4; 580
5; 581
6; 572
7; 566
8; 561
9; 553
10; 551
11; 539
12; 527
13; 514
14; 501
15; 492
0; 477
1; 462
2; 452
3; 443
4; 441
5; 437
6; 438
7; 436
8; 436
9; 438
10; 432
11; 435
12; 432
13; 432
14; 429
15; 432
0; 433
1; 438
2; 438
3; 444
4; 446
5; 450
6; 457
7; 464
8; 469
9; 475
10; 481
11; 485
12; 488
13; 493
14; 494
15; 497
0; 495
1; 497
2; 499
3; 498
4; 504
5; 504
6; 506
7; 511
8; 509
9; 512
10; 512
11; 510
12; 513
13; 511
14; 512
15; 512
0; 509
1; 512
2; 508
3; 511
4; 512
5; 514
6; 520
7; 520
8; 522
9; 523
10; 519
11; 523
12; 519
13; 521
14; 520
15; 520
0; 524
1; 524
2; 526
3; 525
4; 524
5; 530
6; 527
7; 527
8; 523
9; 519
10; 518
11; 513
12; 510
13; 506
14; 505
15; 511
0; 511
1; 514
2; 516
3; 519
4; 529
5; 532
6; 536
7; 539
8; 540
9; 544
10; 541
11; 540
12; 535
13; 532
14; 535
15; 532
0; 535
1; 538
2; 539
3; 545
4; 545
5; 548
6; 549
7; 550
8; 554
9; 551
10; 556
11; 562
12; 561
13; 566
14; 566
15; 572
0; 574
1; 575
2; 579
3; 582
4; 585
5; 583
6; 579
7; 581
8; 583
9; 583
10; 583
11; 580
12; 585
13; 584
14; 585
15; 583
0; 578
1; 584
2; 582
3; 578
4; 577
5; 573
6; 580
7; 576
8; 575
9; 572
10; 567
11; 570
12; 566
13; 565
14; 563
15; 559
0; 560
1; 554
2; 553
3; 551
4; 548
5; 550
6; 545
7; 543
8; 539
9; 532
10; 533
11; 527
12; 530
13; 526
14; 525
15; 530
0; 529
1; 531
2; 527
3; 519
4; 520
5; 515
6; 510
7; 507
8; 504
9; 507
10; 501
11; 502
12; 503
13; 503
14; 509
15; 510
0; 514
1; 516
2; 515
3; 518
4; 513
5; 511
6; 511
7; 507
8; 510
9; 504
10; 505
11; 507
12; 507
13; 514
14; 513
15; 514
0; 512
1; 508
2; 511
3; 505
4; 504
5; 502
6; 499
7; 502
8; 498
9; 500
10; 503
11; 502
12; 506
13; 504
14; 505
15; 506
0; 502
1; 508
2; 508
3; 510
4; 512
5; 511
6; 514
7; 513
8; 513
9; 511
10; 508
11; 511
12; 507
13; 505
14; 502
15; 500
0; 502
1; 500
2; 501
3; 501
4; 503
5; 508
6; 508
7; 511
8; 506
9; 498
10; 497
11; 492
12; 491
13; 488
14; 487
15; 494
0; 494
1; 498
2; 502
3; 508
4; 516
5; 523
6; 532
7; 534
8; 533
9; 534
10; 532
11; 537
12; 539
13; 538
14; 540
15; 539
0; 541
1; 538
2; 536
3; 539
4; 534
5; 538
6; 540
7; 541
8; 548
9; 550
10; 549
11; 546
12; 543
13; 548
14; 547
15; 547
0; 545
1; 541
2; 543
3; 540
4; 540
5; 542
6; 541
7; 546
8; 544
9; 545
10; 545
11; 543
12; 546
13; 542
14; 543
15; 542
0; 539
1; 541
2; 535
3; 531
4; 527
5; 525
6; 527
7; 523
8; 524
9; 526
10; 527
11; 531
12; 529
13; 528
14; 525
15; 523
0; 523
1; 517
2; 517
3; 516
4; 511
5; 511
6; 515
7; 518
8; 521
9; 523
10; 522
11; 523
12; 526
13; 527
14; 526
15; 531
0; 529
1; 531
2; 531
3; 530
4; 534
5; 531
6; 531
7; 532
8; 532
9; 536
10; 531
11; 532
12; 530
13; 527
14; 529
15; 522
0; 519
1; 517
2; 518
3; 520
4; 522
5; 525
6; 527
7; 525
8; 531
9; 527
10; 526
11; 525
12; 519
13; 521
14; 518
15; 521
0; 519
1; 518
2; 521
3; 523
4; 524
5; 522
6; 517
7; 514
8; 508
9; 503
10; 499
11; 496
12; 497
13; 496
14; 497
15; 499
0; 500
1; 504
2; 506
3; 509
4; 511
5; 512
6; 518
7; 521
8; 528
9; 536
10; 543
11; 554
12; 560
13; 570
14; 579
15; 590
0; 607
1; 619
2; 632
3; 641
4; 645
5; 654
6; 657
7; 662
8; 663
9; 656
10; 647
11; 631
12; 618
13; 608
14; 600
15; 595
0; 588
1; 585
2; 579
3; 571
4; 563
5; 547
6; 535
7; 519
8; 503
9; 486
10; 471
11; 461
12; 451
13; 444
14; 446
15; 448
0; 449
1; 447
2; 444
3; 445
4; 442
5; 443
6; 444
7; 447
8; 452
9; 452
10; 450
11; 453
12; 455
13; 460
14; 465
15; 470
0; 473
1; 474
2; 477
3; 478
4; 483
5; 489
6; 495
7; 501
8; 506
9; 513
10; 519
11; 523
12; 526
13; 524
14; 524
15; 522
0; 516
1; 515
2; 512
3; 510
4; 509
5; 508
6; 508
7; 504
8; 507
9; 510
10; 513
11; 522
12; 525
13; 528
14; 529
15; 529
0; 529
1; 523
2; 520
3; 515
4; 513
5; 512
6; 511
7; 516
8; 522
9; 526
10; 530
11; 528
12; 531
13; 531
14; 529
15; 529
0; 526
1; 526
2; 524
3; 521
4; 522
5; 519
6; 519
7; 523
8; 523
9; 527
10; 527
11; 529
12; 531
13; 531
14; 532
15; 527
0; 526
1; 528
2; 529
3; 533
4; 533
5; 537
6; 538
7; 539
8; 544
9; 545
10; 547
11; 545
12; 541
13; 542
14; 540
15; 543
0; 544
1; 544
2; 549
3; 547
4; 546
5; 543
6; 544
7; 545
8; 541
9; 541
10; 542
11; 546
12; 556
13; 561
14; 566
15; 571
0; 575
1; 582
2; 580
3; 580
4; 577
5; 571
6; 569
7; 568
8; 571
9; 573
10; 577
11; 582
12; 580
13; 579
14; 574
15; 569
0; 565
1; 558
2; 552
3; 546
4; 542
5; 544
6; 546
7; 549
8; 548
9; 543
10; 543
11; 539
12; 537
13; 537
14; 535
15; 535
0; 531
1; 530
2; 527
3; 526
4; 527
5; 527
6; 531
7; 531
8; 528
9; 526
10; 526
11; 524
12; 519
13; 515
14; 515
15; 510
0; 506
1; 502
2; 497
3; 499
4; 498
5; 498
6; 494
7; 488
8; 487
9; 483
10; 484
11; 484
12; 486
13; 488
14; 487
15; 488
0; 487
1; 485
2; 485
3; 481
4; 483
5; 483
6; 481
7; 478
8; 469
9; 466
10; 466
11; 469
12; 475
13; 474
14; 475
15; 472
0; 469
1; 471
2; 472
3; 472
4; 472
5; 472
6; 475
7; 480
8; 484
9; 487
10; 488
11; 490
12; 489
13; 489
14; 489
15; 488
0; 489
1; 488
2; 490
3; 490
4; 487
5; 486
6; 484
7; 484
8; 486
9; 484
10; 488
11; 488
12; 490
13; 491
14; 489
15; 491
0; 488
1; 489
2; 491
3; 494
4; 498
5; 498
6; 500
7; 502
8; 501
9; 502
10; 496
11; 495
12; 496
13; 495
14; 496
15; 498
0; 500
1; 499
2; 497
3; 498
4; 494
5; 499
6; 504
7; 506
8; 509
9; 508
10; 508
11; 506
12; 503
13; 505
14; 502
15; 510
0; 515
1; 520
2; 527
3; 528
4; 526
5; 525
6; 522
7; 522
8; 519
9; 522
10; 526
11; 528
12; 525
13; 521
14; 523
15; 523
0; 521
1; 523
2; 519
3; 519
4; 516
5; 511
6; 514
7; 517
8; 515
9; 512
10; 511
11; 515
12; 518
13; 518
14; 514
15; 507
0; 506
1; 505
2; 504
3; 504
4; 497
5; 494
6; 490
7; 487
8; 487
9; 485
10; 486
11; 485
12; 486
13; 487
14; 486
15; 489
0; 487
1; 485
2; 484
3; 482
4; 481
5; 481
6; 481
7; 480
8; 479
9; 479
10; 476
11; 476
12; 472
13; 469
14; 472
15; 475
0; 480
1; 487
2; 492
3; 498
4; 501
5; 502
6; 502
7; 499
8; 502
9; 499
10; 497
11; 498
12; 497
13; 498
14; 497
15; 496
0; 493
1; 488
2; 487
3; 487
4; 487
5; 486
6; 483
7; 486
8; 483
9; 481
10; 480
11; 479
12; 480
13; 476
14; 476
15; 473
0; 467
1; 468
2; 466
3; 461
4; 460
5; 456
6; 455
7; 454
8; 455
9; 455
10; 453
11; 455
12; 456
13; 459
14; 464
15; 470
0; 480
1; 486
2; 497
3; 510
4; 521
5; 534
6; 542
7; 552
8; 560
9; 569
10; 585
11; 596
12; 608
13; 615
14; 620
15; 628
0; 633
1; 640
2; 646
3; 639
4; 631
5; 617
6; 604
7; 591
8; 575
9; 563
10; 550
11; 542
12; 531
13; 519
14; 509
15; 494
0; 479
1; 472
2; 462
3; 453
4; 443
5; 436
6; 430
7; 429
8; 430
9; 428
10; 427
11; 422
12; 419
13; 421
14; 422
15; 424
0; 426
1; 426
2; 432
3; 433
4; 435
5; 435
6; 437
7; 443
8; 447
9; 455
10; 460
11; 468
12; 477
13; 483
14; 488
15; 491
0; 492
1; 496
2; 495
3; 493
4; 491
5; 489
6; 491
7; 491
8; 492
9; 488
10; 488
11; 493
12; 493
13; 496
14; 494
15; 493
0; 498
1; 499
2; 501
3; 504
4; 505
5; 508
6; 509
7; 510
8; 508
9; 504
10; 503
11; 499
12; 495
13; 496
14; 496
15; 502
0; 506
1; 512
2; 514
3; 514
4; 514
5; 515
6; 517
7; 515
8; 514
9; 515
10; 509
11; 507
12; 502
13; 496
14; 499
15; 501
0; 504
1; 508
2; 510
3; 517
4; 519
5; 523
6; 526
7; 528
8; 532
9; 532
10; 534
11; 532
12; 531
13; 535
14; 534
15; 535
0; 531
1; 529
2; 531
3; 531
4; 532
5; 534
6; 532
7; 536
8; 537
9; 540
10; 541
11; 543
12; 550
13; 550
14; 553
15; 555
0; 555
1; 560
2; 560
3; 559
4; 559
5; 559
6; 567
7; 568
8; 571
9; 573
10; 573
11; 574
12; 571
13; 572
14; 572
15; 572
0; 574
1; 569
2; 568
3; 571
4; 571
5; 573
6; 569
7; 566
8; 563
9; 561
10; 559
11; 551
12; 545
13; 541
14; 539
15; 542
0; 542
1; 543
2; 545
3; 542
4; 543
5; 540
6; 535
7; 534
8; 531
9; 526
10; 525
11; 525
12; 522
13; 519
14; 518
15; 515
0; 514
1; 513
2; 506
3; 505
4; 504
5; 501
6; 497
7; 492
8; 491
9; 488
10; 487
11; 483
12; 480
13; 480
14; 476
15; 476
0; 474
1; 472
2; 471
3; 467
4; 467
5; 465
6; 463
7; 464
8; 460
9; 461
10; 460
11; 457
12; 460
13; 462
14; 459
15; 455
0; 453
1; 452
2; 452
3; 451
4; 449
5; 448
6; 448
7; 444
8; 441
9; 440
10; 437
11; 437
12; 436
13; 437
14; 438
15; 436
0; 436
1; 432
2; 428
3; 422
4; 420
5; 425
6; 424
7; 425
8; 425
9; 423
10; 425
11; 425
12; 424
13; 425
14; 424
15; 422
0; 419
1; 423
2; 424
3; 423
4; 427
5; 427
6; 427
7; 431
8; 433
9; 438
10; 438
11; 437
12; 437
13; 436
14; 440
15; 441
0; 440
1; 442
2; 445
3; 451
4; 450
5; 450
6; 449
7; 448
8; 450
9; 451
10; 452
11; 454
12; 450
13; 450
14; 448
15; 449
0; 450
1; 449
2; 452
3; 454
4; 457
5; 458
6; 457
7; 461
8; 460
9; 461
10; 460
11; 459
12; 460
13; 456
14; 455
15; 454
0; 451
1; 453
2; 449
3; 450
4; 452
5; 452
6; 455
7; 455
8; 456
9; 455
10; 457
11; 460
12; 457
13; 457
14; 458
15; 454
0; 457
1; 455
2; 455
3; 456
4; 455
5; 455
6; 454
7; 455
8; 455
9; 454
10; 453
11; 452
12; 450
13; 451
14; 447
15; 446
0; 447
1; 447
2; 446
3; 445
4; 444
5; 443
6; 441
7; 441
8; 439
9; 438
10; 433
11; 433
12; 432
13; 432
14; 435
15; 435
0; 433
1; 433
2; 433
3; 435
4; 434
5; 436
6; 436
7; 436
8; 439
9; 440
10; 440
11; 440
12; 440
13; 442
14; 440
15; 440
0; 440
1; 438
2; 441
3; 440
4; 441
5; 443
6; 443
7; 445
8; 445
9; 445
10; 445
11; 445
12; 447
13; 446
14; 447
15; 446
0; 445
1; 446
2; 445
3; 446
4; 446
5; 442
6; 441
7; 441
8; 441
9; 441
10; 439
11; 439
12; 436
13; 436
14; 433
15; 429
0; 425
1; 421
2; 419
3; 418
4; 416
5; 417
6; 415
7; 415
8; 416
9; 419
10; 425
11; 428
12; 433
13; 437
14; 442
15; 450
0; 457
1; 466
2; 476
3; 487
4; 501
5; 512
6; 529
7; 543
8; 556
9; 571
10; 582
11; 592
12; 600
13; 606
14; 615
15; 617
0; 615
1; 604
2; 588
3; 577
4; 568
5; 559
6; 548
7; 538
8; 531
9; 520
10; 510
11; 500
12; 485
13; 472
14; 456
15; 441
0; 422
1; 406
2; 394
3; 384
4; 378
5; 374
6; 372
7; 374
8; 374
9; 377
10; 379
11; 380
12; 385
13; 387
14; 393
15; 397
0; 402
1; 408
2; 411
3; 416
4; 422
5; 425
6; 433
7; 438
8; 444
9; 448
10; 452
11; 458
12; 459
13; 462
14; 464
15; 464
0; 469
1; 470
2; 472
3; 473
4; 474
5; 478
6; 477
7; 480
8; 480
9; 480
10; 483
11; 481
12; 482
13; 483
14; 484
15; 488
0; 489
1; 492
2; 490
3; 489
4; 491
5; 494
6; 496
7; 497
8; 497
9; 499
10; 497
11; 499
12; 498
13; 498
14; 501
15; 502
0; 504
1; 502
2; 500
3; 503
4; 504
5; 508
6; 510
7; 510
8; 512
9; 512
10; 514
11; 515
12; 515
13; 518
14; 520
15; 523
0; 522
1; 522
2; 524
3; 524
4; 526
5; 529
6; 530
7; 533
8; 532
9; 533
10; 535
11; 535
12; 540
13; 540
14; 543
15; 544
0; 543
1; 545
2; 545
3; 548
4; 550
5; 552
6; 557
7; 557
8; 560
9; 561
10; 562
11; 568
12; 568
13; 571
14; 573
15; 575
0; 579
1; 578
2; 580
3; 582
4; 579
5; 582
6; 582
7; 585
8; 585
9; 586
10; 589
11; 592
12; 595
13; 597
14; 598
15; 600
0; 600
1; 601
2; 601
3; 599
4; 599
5; 593
6; 593
7; 587
8; 579
9; 578
10; 574
11; 571
12; 570
13; 567
14; 567
15; 561
0; 560
1; 555
2; 550
3; 549
4; 547
5; 545
6; 543
7; 540
8; 540
9; 536
10; 533
11; 529
12; 526
13; 525
14; 523
15; 522
0; 521
1; 517
2; 516
3; 513
4; 512
5; 510
6; 506
7; 506
8; 505
9; 505
10; 504
11; 500
12; 499
13; 496
14; 496
15; 494
0; 493
1; 494
2; 492
3; 492
4; 490
5; 488
6; 488
7; 486
8; 483
9; 481
10; 478
11; 479
12; 477
13; 477
14; 477
15; 476
0; 477
1; 474
2; 475
3; 475
4; 473
5; 476
6; 475
7; 476
8; 474
9; 472
10; 474
11; 472
12; 472
13; 472
14; 471
15; 473
0; 471
1; 471
2; 471
3; 470
4; 473
5; 472
6; 473
7; 473
8; 471
9; 473
10; 472
11; 472
12; 473
13; 473
14; 476
15; 475
0; 476
1; 476
2; 476
3; 480
4; 481
5; 483
6; 483
7; 480
8; 479
9; 475
10; 478
11; 480
12; 481
13; 482
14; 478
15; 481
0; 481
1; 481
2; 485
3; 484
4; 485
5; 486
6; 484
7; 487
8; 487
9; 490
10; 489
11; 487
12; 489
13; 489
14; 490
15; 490
0; 490
1; 493
2; 490
3; 492
4; 492
5; 493
6; 498
7; 499
8; 502
9; 504
10; 505
11; 508
12; 508
13; 511
14; 511
15; 513
0; 515
1; 515
2; 516
3; 516
4; 513
5; 515
6; 514
7; 514
8; 513
9; 510
10; 511
11; 507
12; 508
13; 509
14; 509
15; 513
0; 512
1; 514
2; 515
3; 515
4; 518
5; 517
6; 518
7; 517
8; 514
9; 517
10; 515
11; 513
12; 512
13; 509
14; 508
15; 504
0; 503
1; 501
2; 496
3; 498
4; 497
5; 497
6; 494
7; 492
8; 493
9; 490
10; 492
11; 492
12; 491
13; 489
14; 487
15; 486
0; 486
1; 487
2; 489
3; 490
4; 492
5; 492
6; 489
7; 491
8; 492
9; 492
10; 493
11; 491
12; 493
13; 491
14; 494
15; 493
0; 493
1; 494
2; 492
3; 493
4; 495
5; 494
6; 495
7; 494
8; 496
9; 499
10; 499
11; 500
12; 499
13; 500
14; 502
15; 502
0; 504
1; 503
2; 502
3; 499
4; 498
5; 499
6; 497
7; 498
8; 495
9; 491
10; 492
11; 491
12; 492
13; 491
14; 489
15; 489
0; 486
1; 487
2; 484
3; 479
4; 478
5; 478
6; 481
7; 484
8; 484
9; 488
10; 490
11; 497
12; 504
13; 510
14; 521
15; 526
0; 536
1; 544
2; 553
3; 565
4; 575
5; 588
6; 599
7; 610
8; 622
9; 628
10; 635
11; 640
12; 643
13; 646
14; 636
15; 626
0; 611
1; 599
2; 595
3; 587
4; 580
5; 572
6; 562
7; 554
8; 543
9; 535
10; 524
11; 511
12; 498
13; 481
14; 467
15; 453
0; 440
1; 433
2; 427
3; 430
4; 432
5; 435
6; 438
7; 436
8; 437
9; 437
10; 439
11; 445
12; 447
13; 448
14; 450
15; 452
0; 455
1; 459
2; 464
3; 468
4; 472
5; 480
6; 484
7; 489
8; 493
9; 497
10; 504
11; 503
12; 506
13; 510
14; 512
15; 515
0; 516
1; 520
2; 522
3; 522
4; 524
5; 523
6; 526
7; 528
8; 527
9; 530
10; 531
11; 531
12; 530
13; 530
14; 533
15; 534
0; 536
1; 536
2; 535
3; 539
4; 539
5; 539
6; 535
7; 535
8; 537
9; 536
10; 538
11; 538
12; 537
13; 540
14; 538
15; 538
0; 538
1; 539
2; 541
3; 540
4; 542
5; 541
6; 540
7; 543
8; 543
9; 546
10; 546
11; 547
12; 549
13; 548
14; 550
15; 550
0; 547
1; 549
2; 546
3; 547
4; 545
5; 545
6; 550
7; 549
8; 549
9; 550
10; 553
11; 559
12; 559
13; 563
14; 564
15; 566
0; 572
1; 572
2; 575
3; 576
4; 578
5; 580
6; 581
7; 582
8; 580
9; 579
10; 582
11; 581
12; 584
13; 588
14; 591
15; 593
0; 596
1; 601
2; 603
3; 604
4; 608
5; 606
6; 604
7; 604
8; 606
9; 606
10; 602
11; 601
12; 604
13; 603
14; 604
15; 599
0; 595
1; 593
2; 593
3; 597
4; 596
5; 595
6; 592
7; 591
8; 593
9; 587
10; 587
11; 585
12; 583
13; 583
14; 583
15; 579
0; 570
1; 563
2; 565
3; 562
4; 559
5; 556
6; 554
7; 554
8; 553
9; 554
10; 552
11; 550
12; 549
13; 546
14; 547
15; 549
0; 545
1; 544
2; 540
3; 539
4; 537
5; 531
6; 528
7; 525
8; 527
9; 525
10; 521
11; 520
12; 515
13; 515
14; 515
15; 513
0; 512
1; 510
2; 509
3; 508
4; 507
5; 508
6; 504
7; 504
8; 500
9; 497
10; 497
11; 493
12; 495
13; 497
14; 498
15; 504
0; 503
1; 504
2; 502
3; 501
4; 501
5; 500
6; 501
7; 500
8; 498
9; 501
10; 502
11; 501
12; 497
13; 499
14; 502
15; 499
0; 498
1; 498
2; 496
3; 498
4; 498
5; 497
6; 497
7; 495
8; 495
9; 493
10; 493
11; 496
12; 499
13; 499
14; 494
15; 494
0; 495
1; 497
2; 503
3; 504
4; 503
5; 499
6; 496
7; 500
8; 500
9; 500
10; 499
11; 497
12; 498
13; 497
14; 498
15; 499
0; 496
1; 497
2; 495
3; 496
4; 497
5; 497
6; 502
7; 504
8; 508
9; 509
10; 510
11; 511
12; 509
13; 511
14; 511
15; 509
0; 511
1; 509
2; 512
3; 512
4; 512
5; 514
6; 512
7; 514
8; 516
9; 516
10; 518
11; 516
12; 521
13; 520
14; 521
15; 524
0; 520
1; 519
2; 516
3; 516
4; 516
5; 513
6; 514
7; 514
8; 514
9; 514
10; 512
11; 513
12; 514
13; 515
14; 518
15; 518
0; 519
1; 516
2; 515
3; 518
4; 516
5; 516
6; 515
7; 513
8; 512
9; 509
10; 509
11; 508
12; 507
13; 507
14; 502
15; 501
0; 499
1; 497
2; 499
3; 497
4; 497
5; 496
6; 495
7; 497
8; 497
9; 497
10; 497
11; 497
12; 499
13; 497
14; 497
15; 496
0; 494
1; 496
2; 494
3; 496
4; 497
5; 497
6; 499
7; 497
8; 496
9; 496
10; 496
11; 498
12; 498
13; 498
14; 498
15; 496
0; 499
1; 498
2; 500
3; 499
4; 497
5; 498
6; 496
7; 497
8; 496
9; 495
10; 497
11; 496
12; 496
13; 496
14; 496
15; 497
0; 497
1; 496
2; 495
3; 493
4; 494
5; 490
6; 487
7; 483
8; 481
9; 480
10; 477
11; 477
12; 477
13; 475
14; 475
15; 472
0; 473
1; 474
2; 475
3; 478
4; 480
5; 483
6; 487
7; 492
8; 499
9; 502
10; 509
11; 515
12; 522
13; 534
14; 542
15; 554
0; 567
1; 579
2; 593
3; 601
4; 611
5; 619
6; 624
7; 630
8; 627
9; 622
10; 613
11; 601
12; 595
13; 585
14; 579
15; 573
0; 566
1; 563
2; 555
3; 548
4; 540
5; 529
6; 522
7; 509
8; 497
9; 482
10; 469
11; 460
12; 453
13; 448
14; 446
15; 443
0; 443
1; 441
2; 440
3; 440
4; 440
5; 442
6; 441
7; 442
8; 443
9; 443
10; 446
11; 447
12; 448
13; 452
14; 455
15; 461
0; 464
1; 469
2; 473
3; 476
4; 480
5; 483
6; 487
7; 488
8; 489
9; 493
10; 495
11; 498
12; 498
13; 499
14; 504
15; 505
0; 506
1; 508
2; 509
3; 512
4; 512
5; 514
6; 515
7; 513
8; 515
9; 513
10; 513
11; 516
12; 517
13; 519
14; 518
15; 522
0; 524
1; 523
2; 526
3; 524
4; 525
5; 526
6; 525
7; 527
8; 526
9; 527
10; 529
11; 528
12; 531
13; 532
14; 532
15; 533
0; 532
1; 536
2; 535
3; 536
4; 536
5; 536
6; 538
7; 537
8; 537
9; 538
10; 537
11; 540
12; 539
13; 540
14; 538
15; 536
0; 539
1; 539
2; 540
3; 542
4; 542
5; 545
6; 545
7; 547
8; 549
9; 547
10; 550
11; 549
12; 551
13; 552
14; 551
15; 556
0; 557
1; 559
2; 561
3; 561
4; 565
5; 565
6; 566
7; 568
8; 570
9; 571
10; 574
11; 576
12; 577
13; 575
14; 579
15; 579
0; 584
1; 584
2; 583
3; 585
4; 585
5; 585
6; 585
7; 583
8; 583
9; 580
10; 580
11; 579
12; 577
13; 580
14; 579
15; 578
0; 575
1; 572
2; 572
3; 570
4; 572
5; 569
6; 568
7; 570
8; 568
9; 569
10; 568
11; 565
12; 567
13; 563
14; 561
15; 560
0; 556
1; 557
2; 553
3; 551
4; 548
5; 544
6; 543
7; 539
8; 538
9; 536
10; 533
11; 532
12; 528
13; 527
14; 525
15; 521
0; 520
1; 516
2; 515
3; 513
4; 510
5; 510
6; 508
7; 506
8; 505
9; 504
10; 504
11; 501
12; 502
13; 501
14; 499
15; 499
0; 497
1; 498
2; 497
3; 496
4; 497
5; 495
6; 493
7; 492
8; 489
9; 490
10; 490
11; 492
12; 492
13; 491
14; 492
15; 492
0; 492
1; 492
2; 491
3; 492
4; 491
5; 492
6; 493
7; 492
8; 493
9; 491
10; 492
11; 492
12; 491
13; 492
14; 492
15; 492
0; 494
1; 493
2; 495
3; 495
4; 495
5; 494
6; 494
7; 496
8; 492
9; 492
10; 491
11; 490
12; 492
13; 492
14; 493
15; 494
0; 495
1; 498
2; 497
3; 499
4; 500
5; 499
6; 500
7; 499
8; 499
9; 498
10; 496
11; 499
12; 497
13; 496
14; 498
15; 499
0; 502
1; 502
2; 502
3; 503
4; 503
5; 505
6; 504
7; 503
8; 503
9; 502
10; 503
11; 500
12; 499
13; 500
14; 500
15; 502
0; 500
1; 501
2; 501
3; 502
4; 506
5; 505
6; 507
7; 509
8; 510
9; 511
10; 510
11; 512
12; 515
13; 515
14; 518
15; 515
0; 515
1; 514
2; 512
3; 513
4; 511
5; 512
6; 512
7; 512
8; 513
9; 511
10; 512
11; 512
12; 509
13; 511
14; 511
15; 513
0; 512
1; 511
2; 513
3; 511
4; 511
5; 509
6; 507
7; 508
8; 504
9; 504
10; 501
11; 498
12; 496
13; 494
14; 492
15; 490
0; 487
1; 487
2; 486
3; 486
4; 483
5; 482
6; 484
7; 484
8; 486
9; 484
10; 483
11; 486
12; 482
13; 483
14; 483
15; 483
0; 484
1; 484
2; 484
3; 484
4; 483
5; 484
6; 483
7; 483
8; 483
9; 483
10; 486
11; 484
12; 484
13; 483
14; 483
15; 485
0; 484
1; 484
2; 484
3; 483
4; 486
5; 486
6; 487
7; 487
8; 484
9; 488
10; 487
11; 487
12; 486
13; 484
14; 485
15; 483
0; 482
1; 481
2; 481
3; 482
4; 478
5; 476
6; 472
7; 469
8; 469
9; 464
10; 464
11; 463
12; 462
13; 463
14; 462
15; 464
0; 466
1; 469
2; 475
3; 479
4; 483
5; 488
6; 496
7; 505
8; 513
9; 523
10; 531
11; 540
12; 552
13; 562
14; 575
15; 585
0; 592
1; 601
2; 608
3; 612
4; 618
5; 624
6; 628
7; 625
8; 618
9; 606
10; 592
11; 582
12; 570
13; 563
14; 553
15; 543
0; 534
1; 526
2; 516
3; 507
4; 494
5; 483
6; 470
7; 456
8; 443
9; 432
10; 427
11; 422
12; 417
13; 417
14; 418
15; 419
0; 419
1; 422
2; 425
3; 428
4; 432
5; 433
6; 438
7; 443
8; 446
9; 453
10; 457
11; 462
12; 467
13; 470
14; 475
15; 477
0; 481
1; 481
2; 482
3; 487
4; 490
5; 493
6; 496
7; 497
8; 500
9; 499
10; 503
11; 504
12; 504
13; 508
14; 509
15; 511
0; 510
1; 510
2; 512
3; 509
4; 510
5; 510
6; 511
7; 513
8; 512
9; 515
10; 515
11; 515
12; 518
13; 516
14; 518
15; 518
0; 516
1; 517
2; 516
3; 518
4; 519
5; 519
6; 521
7; 521
8; 521
9; 521
10; 520
11; 523
12; 522
13; 523
14; 525
15; 529
0; 533
1; 531
2; 530
3; 530
4; 530
5; 532
6; 531
7; 533
8; 534
9; 535
10; 537
11; 539
12; 541
13; 540
14; 540
15; 541
0; 542
1; 543
2; 543
3; 543
4; 546
5; 546
6; 548
7; 549
8; 548
9; 551
10; 550
11; 551
12; 554
13; 555
14; 559
15; 560
0; 561
1; 563
2; 564
3; 567
4; 567
5; 572
6; 572
7; 572
8; 575
9; 575
10; 577
11; 578
12; 578
13; 581
14; 580
15; 583
0; 582
1; 582
2; 584
3; 582
4; 582
5; 582
6; 579
7; 584
8; 582
9; 583
10; 579
11; 577
12; 581
13; 579
14; 580
15; 579
0; 575
1; 577
2; 573
3; 569
4; 568
5; 565
6; 567
7; 564
8; 562
9; 559
10; 555
11; 554
12; 552
13; 553
14; 551
15; 548
0; 547
1; 542
2; 540
3; 535
4; 531
5; 530
6; 524
7; 524
8; 520
9; 519
10; 519
11; 515
12; 513
13; 511
14; 511
15; 510
0; 505
1; 504
2; 501
3; 498
4; 496
5; 495
6; 495
7; 492
8; 490
9; 490
10; 486
11; 485
12; 484
13; 484
14; 485
15; 483
0; 483
1; 481
2; 480
3; 483
4; 480
5; 478
6; 478
7; 477
8; 480
9; 478
10; 478
11; 476
12; 473
13; 474
14; 474
15; 474
0; 469
1; 467
2; 470
3; 470
4; 468
5; 469
6; 467
7; 468
8; 466
9; 468
10; 466
11; 464
12; 466
13; 465
14; 466
15; 466
0; 466
1; 468
2; 468
3; 470
4; 471
5; 472
6; 476
7; 475
8; 476
9; 477
10; 477
11; 479
12; 479
13; 479
14; 480
15; 479
0; 482
1; 480
2; 482
3; 483
4; 484
5; 484
6; 486
7; 488
8; 484
9; 484
10; 486
11; 488
12; 491
13; 490
14; 488
15; 489
0; 487
1; 487
2; 487
3; 487
4; 489
5; 489
6; 491
7; 492
8; 492
9; 496
10; 495
11; 497
12; 497
13; 496
14; 498
15; 496
0; 497
1; 496
2; 496
3; 497
4; 495
5; 496
6; 493
7; 492
8; 495
9; 494
10; 495
11; 494
12; 493
13; 496
14; 494
15; 496
0; 496
1; 493
2; 496
3; 495
4; 496
5; 496
6; 494
7; 497
8; 496
9; 497
10; 497
11; 496
12; 496
13; 496
14; 496
15; 495
0; 495
1; 498
2; 497
3; 497
4; 496
5; 494
6; 495
7; 493
8; 491
9; 488
10; 485
11; 485
12; 482
13; 484
14; 483
15; 482
0; 483
1; 481
2; 483
3; 483
4; 480
5; 482
6; 480
7; 482
8; 483
9; 481
10; 482
11; 478
12; 478
13; 476
14; 472
15; 472
0; 470
1; 472
2; 473
3; 471
4; 472
5; 470
6; 472
7; 472
8; 471
9; 474
10; 475
11; 476
12; 475
13; 472
14; 476
15; 476
0; 476
1; 476
2; 475
3; 477
4; 475
5; 476
6; 478
7; 478
8; 479
9; 478
10; 478
11; 477
12; 474
13; 478
14; 476
15; 477
0; 474
1; 473
2; 474
3; 472
4; 471
5; 469
6; 465
7; 465
8; 463
9; 462
10; 460
11; 457
12; 459
13; 459
14; 460
15; 459
0; 458
1; 461
2; 466
3; 471
4; 476
5; 480
6; 487
7; 495
8; 507
9; 517
10; 527
11; 541
12; 551
13; 565
14; 579
15; 587
0; 597
1; 606
2; 615
3; 619
4; 623
5; 629
6; 631
7; 623
8; 609
9; 595
10; 586
11; 574
12; 565
13; 558
14; 546
15; 535
0; 524
1; 512
2; 499
3; 485
4; 473
5; 462
6; 449
7; 434
8; 421
9; 413
10; 406
11; 404
12; 405
13; 407
14; 407
15; 408
0; 409
1; 411
2; 410
3; 415
4; 419
5; 424
6; 428
7; 431
8; 437
9; 443
10; 447
11; 451
12; 456
13; 464
14; 467
15; 475
0; 480
1; 484
2; 486
3; 488
4; 493
5; 498
6; 500
7; 504
8; 505
9; 508
10; 507
11; 506
12; 510
13; 510
14; 512
15; 512
0; 510
1; 514
2; 515
3; 515
4; 516
5; 515
6; 516
7; 515
8; 513
9; 516
10; 515
11; 519
12; 518
13; 518
14; 518
15; 519
0; 519
1; 518
2; 519
3; 518
4; 517
5; 521
6; 522
7; 524
8; 523
9; 524
10; 527
11; 527
12; 529
13; 529
14; 528
15; 528
0; 527
1; 527
2; 528
3; 527
4; 529
5; 528
6; 530
7; 531
8; 531
9; 535
10; 536
11; 536
12; 539
13; 540
14; 543
15; 542
0; 544
1; 543
2; 543
3; 546
4; 547
5; 549
6; 550
7; 551
8; 554
9; 555
10; 560
11; 561
12; 561
13; 568
14; 567
15; 571
0; 571
1; 571
2; 574
3; 575
4; 578
5; 578
6; 578
7; 582
8; 584
9; 587
10; 587
11; 587
12; 589
13; 590
14; 591
15; 590
0; 590
1; 593
2; 592
3; 596
4; 596
5; 596
6; 598
7; 594
8; 595
9; 594
10; 593
11; 595
12; 593
13; 593
14; 592
15; 590
0; 590
1; 586
2; 585
3; 582
4; 580
5; 579
6; 576
7; 575
8; 572
9; 569
10; 568
11; 563
12; 562
13; 558
14; 555
15; 553
0; 549
1; 546
2; 543
3; 539
4; 539
5; 534
6; 532
7; 529
8; 524
9; 523
10; 519
11; 518
12; 515
13; 511
14; 510
15; 507
0; 505
1; 503
2; 501
3; 501
4; 496
5; 496
6; 494
7; 491
8; 491
9; 487
10; 487
11; 487
12; 485
13; 485
14; 481
15; 482
0; 481
1; 480
2; 481
3; 479
4; 480
5; 480
6; 480
7; 480
8; 476
9; 477
10; 476
11; 475
12; 476
13; 475
14; 475
15; 475
0; 475
1; 477
2; 474
3; 474
4; 473
5; 472
6; 473
7; 472
8; 473
9; 472
10; 473
11; 475
12; 473
13; 473
14; 472
15; 470
0; 471
1; 470
2; 470
3; 467
4; 465
5; 463
6; 460
7; 460
8; 460
9; 462
10; 464
11; 466
12; 468
13; 469
14; 472
15; 475
0; 474
1; 476
2; 476
3; 476
4; 477
5; 477
6; 479
7; 479
8; 479
9; 480
10; 479
11; 480
12; 479
13; 477
14; 479
15; 480
0; 482
1; 482
2; 482
3; 484
4; 485
5; 484
6; 486
7; 485
8; 487
9; 485
10; 483
11; 483
12; 483
13; 484
14; 483
15; 485
0; 485
1; 486
2; 488
3; 489
4; 493
5; 494
6; 494
7; 497
8; 499
9; 502
10; 504
11; 504
12; 507
13; 505
14; 506
15; 505
0; 506
1; 507
2; 505
3; 505
4; 505
5; 503
6; 503
7; 501
8; 502
9; 503
10; 503
11; 505
12; 504
13; 505
14; 507
15; 507
0; 508
1; 506
2; 507
3; 506
4; 505
5; 505
6; 503
7; 502
8; 499
9; 497
10; 498
11; 495
12; 494
13; 492
14; 489
15; 488
0; 485
1; 484
2; 483
3; 482
4; 482
5; 480
6; 481
7; 479
8; 478
9; 479
10; 477
11; 478
12; 477
13; 477
14; 479
15; 478
0; 480
1; 480
2; 478
3; 479
4; 477
5; 477
6; 477
7; 477
8; 480
9; 478
10; 479
11; 478
12; 478
13; 481
14; 480
15; 482
0; 481
1; 481
2; 483
3; 482
4; 483
5; 483
6; 484
7; 484
8; 484
9; 486
10; 487
11; 487
12; 488
13; 487
14; 487
15; 486
0; 486
1; 487
2; 488
3; 488
4; 488
5; 486
6; 484
7; 481
8; 478
9; 473
10; 469
11; 468
12; 466
13; 464
14; 462
15; 460
0; 461
1; 460
2; 463
3; 463
4; 466
5; 471
6; 474
7; 480
8; 486
9; 493
10; 504
11; 511
12; 522
13; 534
14; 545
15; 559
0; 572
1; 584
2; 595
3; 606
4; 617
5; 623
6; 631
7; 638
8; 639
9; 636
10; 624
11; 610
12; 597
13; 585
14; 579
15; 569
0; 561
1; 552
2; 543
3; 534
4; 521
5; 510
6; 496
7; 482
8; 468
9; 451
10; 436
11; 425
12; 416
13; 413
14; 409
15; 408
0; 408
1; 409
2; 413
3; 413
4; 416
5; 419
6; 422
7; 427
8; 428
9; 432
10; 438
11; 441
12; 445
13; 448
14; 452
15; 457
0; 463
1; 470
2; 473
3; 478
4; 483
5; 487
6; 494
7; 496
8; 497
9; 498
10; 498
11; 502
12; 504
13; 507
14; 509
15; 508
0; 512
1; 512
2; 514
3; 516
4; 518
5; 519
6; 518
7; 517
8; 517
9; 515
10; 514
11; 514
12; 517
13; 519
14; 519
15; 523
0; 522
1; 523
2; 525
3; 523
4; 525
5; 523
6; 524
7; 527
8; 528
9; 530
10; 528
11; 529
12; 531
13; 530
14; 532
15; 531
0; 533
1; 535
2; 536
3; 538
4; 536
5; 537
6; 538
7; 537
8; 540
9; 539
10; 540
11; 542
12; 540
13; 544
14; 545
15; 546
0; 547
1; 547
2; 550
3; 548
4; 550
5; 550
6; 549
7; 552
8; 551
9; 554
10; 555
11; 555
12; 560
13; 560
14; 562
15; 563
0; 565
1; 569
2; 569
3; 572
4; 572
5; 572
6; 576
7; 575
8; 575
9; 578
10; 578
11; 583
12; 583
13; 585
14; 588
15; 589
0; 592
1; 591
2; 594
3; 594
4; 591
5; 593
6; 594
7; 595
8; 594
9; 592
10; 592
11; 589
12; 589
13; 591
14; 591
15; 592
0; 589
1; 588
2; 585
3; 582
4; 581
5; 575
6; 574
7; 571
8; 567
9; 568
10; 566
11; 565
12; 563
13; 559
14; 560
15; 556
0; 552
1; 551
2; 548
3; 546
4; 542
5; 540
6; 540
7; 536
8; 532
9; 529
10; 527
11; 526
12; 524
13; 524
14; 520
15; 519
0; 518
1; 514
2; 512
3; 508
4; 508
5; 505
6; 503
7; 503
8; 501
9; 500
10; 498
11; 496
12; 495
13; 494
14; 496
15; 495
0; 492
1; 492
2; 488
3; 489
4; 487
5; 484
6; 484
7; 482
8; 483
9; 481
10; 480
11; 481
12; 480
13; 481
14; 479
15; 479
0; 479
1; 479
2; 479
3; 479
4; 478
5; 479
6; 481
7; 483
8; 482
9; 479
10; 479
11; 481
12; 484
13; 487
14; 487
15; 486
0; 483
1; 484
2; 481
3; 480
4; 480
5; 478
6; 479
7; 480
8; 479
9; 479
10; 479
11; 482
12; 482
13; 482
14; 483
15; 484
0; 485
1; 486
2; 485
3; 485
4; 482
5; 484
6; 485
7; 483
8; 485
9; 482
10; 483
11; 483
12; 483
13; 483
14; 483
15; 486
0; 486
1; 483
2; 485
3; 484
4; 484
5; 484
6; 485
7; 487
8; 485
9; 486
10; 487
11; 487
12; 491
13; 491
14; 491
15; 489
0; 489
1; 491
2; 491
3; 493
4; 492
5; 492
6; 496
7; 501
8; 504
9; 505
10; 501
11; 504
12; 505
13; 509
14; 510
15; 510
0; 511
1; 508
2; 507
3; 505
4; 505
5; 507
6; 505
7; 504
8; 500
9; 499
10; 503
11; 500
12; 500
13; 504
14; 505
15; 507
0; 509
1; 511
2; 511
3; 508
4; 507
5; 503
6; 504
7; 503
8; 499
9; 498
10; 496
11; 498
12; 498
13; 495
14; 494
15; 492
0; 493
1; 493
2; 492
3; 491
4; 490
5; 488
6; 488
7; 487
8; 488
9; 486
10; 484
11; 483
12; 482
13; 484
14; 482
15; 483
0; 483
1; 483
2; 483
3; 482
4; 483
5; 485
6; 485
7; 487
8; 484
9; 483
10; 481
11; 481
12; 483
13; 480
14; 480
15; 482
0; 483
1; 486
2; 486
3; 486
4; 487
5; 488
6; 490
7; 486
8; 486
9; 485
10; 484
11; 489
12; 488
13; 490
14; 490
15; 491
0; 492
1; 486
2; 484
3; 484
4; 483
5; 485
6; 480
7; 482
8; 480
9; 477
10; 477
11; 473
12; 472
13; 473
14; 471
15; 472
0; 471
1; 471
2; 472
3; 475
4; 481
5; 481
6; 485
7; 489
8; 491
9; 496
10; 501
11; 510
12; 521
13; 531
14; 543
15; 551
0; 561
1; 573
2; 585
3; 601
4; 611
5; 618
6; 624
7; 628
8; 626
9; 616
10; 610
11; 599
12; 585
13; 577
14; 566
15; 560
0; 555
1; 550
2; 544
3; 534
4; 523
5; 511
6; 502
7; 494
8; 479
9; 464
10; 452
11; 441
12; 437
13; 432
14; 429
15; 426
0; 425
1; 428
2; 431
3; 433
4; 432
5; 432
6; 436
7; 439
8; 441
9; 441
10; 444
11; 448
12; 445
13; 446
14; 452
15; 459
0; 463
1; 465
2; 471
3; 478
4; 482
5; 486
6; 489
7; 496
8; 498
9; 497
10; 501
11; 504
12; 508
13; 507
14; 506
15; 508
0; 508
1; 512
2; 514
3; 515
4; 520
5; 518
6; 515
7; 514
8; 516
9; 518
10; 515
11; 512
12; 515
13; 518
14; 523
15; 523
0; 524
1; 525
2; 523
3; 521
4; 519
5; 519
6; 520
7; 519
8; 524
9; 523
10; 524
11; 524
12; 523
13; 525
14; 524
15; 527
0; 527
1; 529
2; 532
3; 532
4; 534
5; 535
6; 538
7; 543
8; 544
9; 547
10; 545
11; 547
12; 552
13; 553
14; 552
15; 549
0; 551
1; 554
2; 555
3; 558
4; 557
5; 556
6; 559
7; 560
8; 561
9; 562
10; 562
11; 564
12; 566
13; 568
14; 567
15; 568
0; 574
1; 573
2; 576
3; 579
4; 581
5; 586
6; 586
7; 587
8; 588
9; 589
10; 593
11; 591
12; 594
13; 596
14; 594
15; 595
0; 591
1; 594
2; 596
3; 593
4; 595
5; 596
6; 597
7; 597
8; 594
9; 595
10; 592
11; 593
12; 591
13; 588
14; 590
15; 588
0; 588
1; 587
2; 585
3; 585
4; 580
5; 579
6; 577
7; 575
8; 573
9; 570
10; 568
11; 566
12; 563
13; 564
14; 559
15; 558
0; 556
1; 553
2; 552
3; 550
4; 547
5; 544
6; 542
7; 541
8; 536
9; 535
10; 533
11; 530
12; 529
13; 525
14; 524
15; 521
0; 518
1; 517
2; 513
3; 512
4; 511
5; 510
6; 511
7; 508
8; 506
9; 503
10; 501
11; 501
12; 499
13; 499
14; 499
15; 497
0; 496
1; 494
2; 494
3; 492
4; 491
5; 491
6; 490
7; 489
8; 487
9; 487
10; 489
11; 488
12; 489
13; 488
14; 487
15; 486
0; 482
1; 484
2; 485
3; 485
4; 486
5; 485
6; 486
7; 485
8; 484
9; 486
10; 485
11; 487
12; 487
13; 486
14; 487
15; 487
0; 487
1; 487
2; 485
3; 487
4; 486
5; 487
6; 486
7; 486
8; 488
9; 487
10; 487
11; 486
12; 485
13; 488
14; 487
15; 487
0; 486
1; 486
2; 488
3; 486
4; 488
5; 489
6; 488
7; 490
8; 490
9; 492
10; 491
11; 490
12; 491
13; 488
14; 492
15; 493
0; 494
1; 495
2; 494
3; 496
4; 496
5; 495
6; 497
7; 495
8; 497
9; 496
10; 495
11; 495
12; 495
13; 496
14; 496
15; 496
0; 498
1; 497
2; 499
3; 499
4; 500
5; 502
6; 500
7; 501
8; 501
9; 500
10; 501
11; 499
12; 502
13; 501
14; 500
15; 501
0; 499
1; 499
2; 499
3; 497
4; 499
5; 499
6; 498
7; 499
8; 499
9; 500
10; 500
11; 500
12; 501
13; 500
14; 502
15; 502
0; 501
1; 499
2; 496
3; 497
4; 496
5; 497
6; 495
7; 493
8; 494
9; 493
10; 492
11; 492
12; 490
13; 491
14; 487
15; 487
0; 487
1; 485
2; 486
3; 484
4; 485
5; 485
6; 484
7; 487
8; 485
9; 487
10; 487
11; 486
12; 487
13; 485
14; 487
15; 487
0; 485
1; 488
2; 486
3; 487
4; 487
5; 485
6; 486
7; 486
8; 487
9; 487
10; 485
11; 487
12; 485
13; 486
14; 486
15; 486
0; 486
1; 484
2; 484
3; 484
4; 483
5; 485
6; 484
7; 484
8; 484
9; 485
10; 486
11; 484
12; 485
13; 485
14; 483
15; 485
0; 483
1; 483
2; 480
3; 478
4; 476
5; 473
6; 472
7; 468
8; 466
9; 465
10; 463
11; 462
12; 461
13; 461
14; 463
15; 464
0; 467
1; 470
2; 472
3; 478
4; 483
5; 489
6; 495
7; 503
8; 513
9; 518
10; 530
11; 540
12; 550
13; 563
14; 574
15; 584
0; 595
1; 603
2; 612
3; 615
4; 622
5; 624
6; 620
7; 615
8; 604
9; 597
10; 589
11; 580
12; 577
13; 570
14; 564
15; 557
0; 549
1; 542
2; 529
3; 520
4; 507
5; 494
6; 480
7; 465
8; 455
9; 448
10; 442
11; 439
12; 436
13; 435
14; 435
15; 433
0; 435
1; 436
2; 437
3; 438
4; 438
5; 441
6; 440
7; 441
8; 443
9; 444
10; 449
11; 451
12; 455
13; 460
14; 464
15; 470
0; 472
1; 476
2; 479
3; 481
4; 485
5; 486
6; 491
7; 492
8; 493
9; 496
10; 497
11; 499
12; 500
13; 500
14; 503
15; 502
0; 504
1; 506
2; 505
3; 505
4; 506
5; 508
6; 509
7; 508
8; 510
9; 510
10; 510
11; 510
12; 509
13; 511
14; 509
15; 511
0; 512
1; 511
2; 512
3; 512
4; 512
5; 512
6; 512
7; 514
8; 513
9; 515
10; 516
11; 516
12; 518
13; 518
14; 519
15; 520
0; 519
1; 520
2; 520
3; 521
4; 520
5; 519
6; 520
7; 521
8; 521
9; 522
10; 522
11; 524
12; 524
13; 527
14; 526
15; 525
0; 525
1; 527
2; 529
3; 529
4; 531
5; 533
6; 532
7; 534
8; 536
9; 536
10; 540
11; 539
12; 543
13; 545
14; 547
15; 551
0; 550
1; 551
2; 553
3; 553
4; 557
5; 556
6; 559
7; 561
8; 561
9; 564
10; 563
11; 564
12; 565
13; 565
14; 568
15; 568
0; 568
1; 567
2; 564
3; 567
4; 567
5; 566
6; 564
7; 562
8; 564
9; 562
10; 561
11; 561
12; 559
13; 562
14; 561
15; 561
0; 560
1; 558
2; 558
3; 554
4; 555
5; 553
6; 551
7; 551
8; 548
9; 547
10; 544
11; 540
12; 538
13; 535
14; 535
15; 533
0; 531
1; 530
2; 527
3; 525
4; 523
5; 520
6; 519
7; 518
8; 516
9; 515
10; 511
11; 511
12; 508
13; 508
14; 504
15; 502
0; 502
1; 500
2; 499
3; 496
4; 493
5; 494
6; 493
7; 492
8; 492
9; 489
10; 490
11; 488
12; 490
13; 488
14; 484
15; 486
0; 485
1; 486
2; 484
3; 483
4; 483
5; 482
6; 481
7; 482
8; 481
9; 482
10; 480
11; 480
12; 480
13; 480
14; 481
15; 480
0; 481
1; 482
2; 483
3; 483
4; 483
5; 483
6; 483
7; 484
8; 484
9; 481
10; 483
11; 483
12; 483
13; 483
14; 483
15; 485
0; 484
1; 484
2; 485
3; 482
4; 483
5; 483
6; 484
7; 485
8; 484
9; 486
10; 487
11; 486
12; 487
13; 486
14; 486
15; 486
0; 484
1; 484
2; 482
3; 485
4; 484
5; 486
6; 488
7; 489
8; 492
9; 493
10; 493
11; 494
12; 493
13; 493
14; 493
15; 493
0; 494
1; 493
2; 494
3; 495
4; 495
5; 496
6; 495
7; 497
8; 496
9; 496
10; 499
11; 497
12; 500
13; 499
14; 499
15; 502
0; 501
1; 504
2; 506
3; 506
4; 509
5; 509
6; 508
7; 508
8; 508
9; 510
10; 508
11; 507
12; 506
13; 506
14; 508
15; 505
0; 503
1; 502
2; 502
3; 504
4; 502
5; 502
6; 504
7; 506
8; 508
9; 506
10; 509
11; 508
12; 507
13; 508
14; 505
15; 505
0; 504
1; 503
2; 503
3; 500
4; 500
5; 496
6; 495
7; 496
8; 493
9; 492
10; 491
11; 489
12; 487
13; 486
14; 486
15; 484
0; 483
1; 483
2; 481
3; 483
4; 481
5; 479
6; 481
7; 481
8; 481
9; 481
10; 480
11; 481
12; 480
13; 482
14; 482
15; 479
0; 480
1; 478
2; 482
3; 483
4; 481
5; 484
6; 483
7; 483
8; 481
9; 480
10; 481
11; 479
12; 479
13; 480
14; 480
15; 482
0; 482
1; 484
2; 486
3; 484
4; 485
5; 485
6; 484
7; 484
8; 484
9; 484
10; 480
11; 481
12; 481
13; 481
14; 482
15; 482
0; 483
1; 480
2; 476
3; 475
4; 471
5; 470
6; 467
7; 466
8; 465
9; 462
10; 460
11; 462
12; 463
13; 466
14; 467
15; 471
0; 473
1; 476
2; 483
3; 487
4; 493
5; 501
6; 508
7; 520
8; 528
9; 539
10; 552
11; 561
12; 575
13; 583
14; 592
15; 600
0; 605
1; 614
2; 616
3; 621
4; 626
5; 623
6; 618
7; 605
8; 596
9; 585
10; 574
11; 566
12; 557
13; 549
14; 540
15; 531
0; 523
1; 510
2; 499
3; 489
4; 477
5; 465
6; 449
7; 436
8; 425
9; 420
10; 416
11; 414
12; 415
13; 415
14; 417
15; 420
0; 420
1; 424
2; 427
3; 430
4; 434
5; 440
6; 447
7; 451
8; 454
9; 461
10; 468
11; 474
12; 477
13; 480
14; 484
15; 482
0; 485
1; 487
2; 490
3; 494
4; 496
5; 501
6; 504
7; 506
8; 508
9; 507
10; 510
11; 511
12; 510
13; 512
14; 513
15; 515
0; 515
1; 513
2; 518
3; 517
4; 518
5; 518
6; 518
7; 519
8; 519
9; 519
10; 521
11; 519
12; 521
13; 521
14; 522
15; 524
0; 523
1; 524
2; 524
3; 524
4; 525
5; 526
6; 528
7; 525
8; 527
9; 528
10; 529
11; 532
12; 529
13; 530
14; 528
15; 529
0; 531
1; 529
2; 531
3; 531
4; 530
5; 532
6; 530
7; 533
8; 531
9; 530
10; 534
11; 534
12; 537
13; 539
14; 540
15; 541
0; 542
1; 544
2; 546
3; 545
4; 550
5; 550
6; 551
7; 553
8; 551
9; 555
10; 556
11; 558
12; 560
13; 561
14; 565
15; 568
0; 571
1; 572
2; 574
3; 579
4; 578
5; 580
6; 583
7; 583
8; 585
9; 585
10; 583
11; 585
12; 584
13; 588
14; 586
15; 586
0; 588
1; 587
2; 590
3; 589
4; 590
5; 588
6; 586
7; 585
8; 583
9; 582
10; 579
11; 579
12; 579
13; 578
14; 580
15; 579
0; 578
1; 577
2; 576
3; 576
4; 576
5; 572
6; 570
7; 567
8; 564
9; 563
10; 558
11; 557
12; 556
13; 553
14; 549
15; 545
0; 544
1; 540
2; 537
3; 534
4; 531
5; 530
6; 527
7; 526
8; 525
9; 520
10; 520
11; 517
12; 516
13; 513
14; 510
15; 512
0; 510
1; 507
2; 504
3; 502
4; 501
5; 499
6; 497
7; 496
8; 493
9; 495
10; 491
11; 489
12; 488
13; 487
14; 487
15; 483
0; 483
1; 482
2; 483
3; 483
4; 481
5; 479
6; 476
7; 475
8; 477
9; 476
10; 478
11; 477
12; 476
13; 482
14; 482
15; 482
0; 481
1; 482
2; 482
3; 480
4; 480
5; 480
6; 481
7; 482
8; 480
9; 480
10; 480
11; 480
12; 482
13; 479
14; 482
15; 483
0; 481
1; 482
2; 480
3; 481
4; 480
5; 479
6; 480
7; 480
8; 481
9; 479
10; 477
11; 479
12; 478
13; 481
14; 482
15; 482
0; 482
1; 483
2; 485
3; 486
4; 484
5; 485
6; 483
7; 484
8; 485
9; 483
10; 486
11; 485
12; 486
13; 487
14; 486
15; 488
0; 488
1; 489
2; 489
3; 487
4; 488
5; 487
6; 489
7; 490
8; 491
9; 491
10; 491
11; 490
12; 488
13; 487
14; 489
15; 489
0; 490
1; 490
2; 490
3; 492
4; 492
5; 495
6; 497
7; 499
8; 503
9; 506
10; 505
11; 505
12; 506
13; 508
14; 507
15; 508
0; 509
1; 506
2; 508
3; 507
4; 506
5; 505
6; 503
7; 506
8; 506
9; 505
10; 506
11; 505
12; 509
13; 510
14; 513
15; 512
0; 512
1; 512
2; 511
3; 512
4; 510
5; 509
6; 508
7; 504
8; 503
9; 501
10; 499
11; 498
12; 496
13; 495
14; 492
15; 490
0; 490
1; 486
2; 484
3; 483
4; 481
5; 482
6; 481
7; 482
8; 481
9; 480
10; 481
11; 478
12; 479
13; 480
14; 479
15; 481
0; 480
1; 481
2; 482
3; 481
4; 483
5; 484
6; 485
7; 485
8; 483
9; 484
10; 482
11; 483
12; 482
13; 481
14; 483
15; 483
0; 485
1; 486
2; 484
3; 485
4; 483
5; 484
6; 485
7; 486
8; 488
9; 487
10; 487
11; 487
12; 485
13; 487
14; 486
15; 486
0; 484
1; 482
2; 483
3; 481
4; 481
5; 480
6; 477
7; 477
8; 473
9; 471
10; 467
11; 464
12; 463
13; 460
14; 459
15; 457
0; 457
1; 459
2; 459
3; 462
4; 467
5; 472
6; 478
7; 482
8; 489
9; 495
10; 503
11; 513
12; 522
13; 533
14; 545
15; 557
0; 572
1; 582
2; 594
3; 604
4; 612
5; 622
6; 626
7; 633
8; 638
9; 640
10; 636
11; 623
12; 610
13; 598
14; 587
15; 580
0; 568
1; 559
2; 551
3; 542
4; 536
5; 524
6; 511
7; 496
8; 480
9; 465
10; 447
11; 433
12; 421
13; 413
14; 408
15; 403
0; 404
1; 406
2; 407
3; 411
4; 412
5; 414
6; 415
7; 419
8; 423
9; 426
10; 431
11; 435
12; 440
13; 446
14; 449
15; 455
0; 460
1; 465
2; 473
3; 475
4; 480
5; 483
6; 487
7; 490
8; 493
9; 497
10; 498
11; 500
12; 502
13; 502
14; 504
15; 504
0; 504
1; 508
2; 508
3; 511
4; 511
5; 511
6; 513
7; 513
8; 517
9; 517
10; 516
11; 519
12; 519
13; 519
14; 520
15; 519
0; 521
1; 520
2; 520
3; 520
4; 520
5; 523
6; 522
7; 522
8; 521
9; 523
10; 527
11; 526
12; 527
13; 527
14; 526
15; 528
0; 528
1; 530
2; 531
3; 530
4; 533
5; 532
6; 534
7; 535
8; 535
9; 537
10; 539
11; 542
12; 542
13; 541
14; 543
15; 540
0; 543
1; 543
2; 544
3; 545
4; 543
5; 547
6; 548
7; 551
8; 554
9; 554
10; 555
11; 556
12; 555
13; 558
14; 559
15; 561
0; 563
1; 565
2; 568
3; 568
4; 572
5; 575
6; 576
7; 580
8; 581
9; 583
10; 585
11; 586
12; 588
13; 586
14; 587
15; 585
0; 585
1; 587
2; 587
3; 589
4; 591
5; 591
6; 593
7; 593
8; 595
9; 593
10; 594
11; 595
12; 594
13; 594
14; 591
15; 588
0; 587
1; 584
2; 582
3; 580
4; 579
5; 580
6; 575
7; 576
8; 573
9; 571
10; 568
11; 563
12; 562
13; 560
14; 556
15; 556
0; 552
1; 551
2; 549
3; 545
4; 544
5; 540
6; 539
7; 537
8; 535
9; 532
10; 527
11; 525
12; 521
13; 518
14; 518
15; 518
0; 516
1; 513
2; 511
3; 509
4; 505
5; 504
6; 503
7; 500
8; 499
9; 496
10; 495
11; 492
12; 489
13; 490
14; 486
15; 487
0; 485
1; 482
2; 484
3; 483
4; 483
5; 481
6; 481
7; 484
8; 481
9; 481
10; 480
11; 478
12; 478
13; 476
14; 476
15; 476
0; 475
1; 475
2; 473
3; 475
4; 474
5; 475
6; 475
7; 474
8; 476
9; 475
10; 475
11; 476
12; 474
13; 475
14; 475
15; 475
0; 476
1; 475
2; 476
3; 475
4; 473
5; 475
6; 474
7; 474
8; 475
9; 474
10; 476
11; 475
12; 476
13; 478
14; 478
15; 480
0; 479
1; 481
2; 480
3; 477
4; 479
5; 477
6; 478
7; 478
8; 479
9; 480
10; 481
11; 481
12; 481
13; 480
14; 481
15; 481
0; 483
1; 483
2; 483
3; 483
4; 484
5; 484
6; 481
7; 479
8; 483
9; 486
10; 489
11; 487
12; 487
13; 486
14; 486
15; 488
0; 489
1; 489
2; 494
3; 492
4; 494
5; 493
6; 493
7; 495
8; 495
9; 496
10; 497
11; 499
12; 502
13; 501
14; 502
15; 502
0; 503
1; 505
2; 504
3; 505
4; 503
5; 503
6; 502
7; 498
8; 500
9; 500
10; 497
11; 499
12; 497
13; 498
14; 501
15; 500
0; 499
1; 499
2; 501
3; 501
4; 503
5; 506
6; 506
7; 508
8; 505
9; 502
10; 499
11; 500
12; 502
13; 498
14; 494
15; 495
0; 493
1; 493
2; 491
3; 487
4; 486
5; 485
6; 485
7; 484
8; 482
9; 483
10; 482
11; 484
12; 483
13; 481
14; 484
15; 484
0; 485
1; 484
2; 482
3; 482
4; 480
5; 482
6; 483
7; 483
8; 486
9; 486
10; 486
11; 487
12; 485
13; 483
14; 484
15; 484
0; 483
1; 484
2; 486
3; 487
4; 486
5; 483
6; 483
7; 486
8; 486
9; 486
10; 487
11; 486
12; 487
13; 486
14; 485
15; 482
0; 480
1; 481
2; 484
3; 484
4; 480
5; 479
6; 483
7; 485
8; 486
9; 487
10; 486
11; 487
12; 486
13; 483
14; 480
15; 476
0; 475
1; 471
2; 470
3; 470
4; 470
5; 468
6; 465
7; 464
8; 465
9; 469
10; 472
11; 475
12; 482
13; 488
14; 492
15; 500
0; 508
1; 516
2; 527
3; 537
4; 550
5; 559
6; 572
7; 584
8; 596
9; 606
10; 611
11; 618
12; 623
13; 625
14; 623
15; 615
0; 604
1; 591
2; 580
3; 572
4; 564
5; 559
6; 551
7; 542
8; 533
9; 525
10; 516
11; 507
12; 495
13; 485
14; 475
15; 464
0; 454
1; 440
2; 434
3; 432
4; 431
5; 429
6; 427
7; 427
8; 428
9; 430
10; 431
11; 435
12; 439
13; 438
14; 438
15; 437
0; 438
1; 443
2; 446
3; 450
4; 450
5; 452
6; 461
7; 465
8; 471
9; 477
10; 480
11; 482
12; 483
13; 486
14; 489
15; 493
0; 500
1; 499
2; 499
3; 500
4; 505
5; 510
6; 508
7; 508
8; 509
9; 509
10; 513
11; 514
12; 513
13; 514
14; 513
15; 517
0; 514
1; 514
2; 515
3; 513
4; 514
5; 513
6; 517
7; 516
8; 513
9; 517
10; 517
11; 521
12; 521
13; 521
14; 521
15; 518
0; 516
1; 516
2; 519
3; 522
4; 523
5; 526
6; 527
7; 523
8; 523
9; 523
10; 525
11; 526
12; 526
13; 529
14; 528
15; 529
0; 529
1; 527
2; 529
3; 531
4; 533
5; 534
6; 531
7; 531
8; 531
9; 538
10; 541
11; 540
12; 543
13; 544
14; 542
15; 543
0; 546
1; 548
2; 545
3; 544
4; 547
5; 551
6; 553
7; 554
8; 555
9; 560
10; 561
11; 565
12; 564
13; 567
14; 568
15; 570
0; 571
1; 570
2; 570
3; 572
4; 573
5; 576
6; 577
7; 580
8; 580
9; 580
10; 582
11; 580
12; 580
13; 581
14; 582
15; 584
0; 582
1; 581
2; 579
3; 579
4; 580
5; 576
6; 577
7; 575
8; 568
9; 566
10; 561
11; 563
12; 563
13; 562
14; 561
15; 557
0; 557
1; 554
2; 550
3; 551
4; 548
5; 547
6; 544
7; 542
8; 542
9; 538
10; 537
11; 536
12; 531
13; 531
14; 527
15; 526
0; 524
1; 521
2; 521
3; 516
4; 515
5; 513
6; 511
7; 510
8; 506
9; 506
10; 505
11; 504
12; 505
13; 503
14; 503
15; 503
0; 499
1; 498
2; 495
3; 495
4; 492
5; 488
6; 485
7; 485
8; 486
9; 484
10; 483
11; 482
12; 482
13; 482
14; 483
15; 482
0; 484
1; 481
2; 481
3; 481
4; 481
5; 485
6; 483
7; 483
8; 482
9; 481
10; 483
11; 480
12; 479
13; 477
14; 478
15; 482
0; 480
1; 479
2; 479
3; 480
4; 482
5; 479
6; 479
7; 480
8; 480
9; 482
10; 484
11; 486
12; 484
13; 486
14; 487
15; 482
0; 482
1; 486
2; 487
3; 487
4; 486
5; 486
6; 487
7; 486
8; 487
9; 486
10; 487
11; 488
12; 486
13; 487
14; 487
15; 488
0; 488
1; 486
2; 492
3; 492
4; 493
5; 493
6; 492
7; 493
8; 492
9; 491
10; 494
11; 493
12; 496
13; 496
14; 496
15; 495
0; 493
1; 495
2; 495
3; 497
4; 496
5; 497
6; 497
7; 496
8; 497
9; 498
10; 499
11; 503
12; 504
13; 504
14; 505
15; 504
0; 505
1; 505
2; 504
3; 503
4; 502
5; 503
6; 502
7; 502
8; 500
9; 499
10; 501
11; 500
12; 501
13; 503
14; 503
15; 503
0; 500
1; 504
2; 504
3; 503
4; 504
5; 502
6; 504
7; 504
8; 502
9; 502
10; 501
11; 501
12; 500
13; 497
14; 497
15; 493
0; 494
1; 492
2; 491
3; 491
4; 489
5; 488
6; 488
7; 488
8; 488
9; 486
10; 485
11; 483
12; 482
13; 483
14; 482
15; 483
0; 483
1; 483
2; 485
3; 483
4; 484
5; 484
6; 484
7; 487
8; 486
9; 486
10; 486
11; 486
12; 488
13; 487
14; 487
15; 487
0; 487
1; 488
2; 487
3; 487
4; 487
5; 486
6; 487
7; 487
8; 488
9; 488
10; 488
11; 490
12; 490
13; 491
14; 492
15; 491
0; 491
1; 490
2; 490
3; 491
4; 489
5; 490
6; 487
7; 487
8; 486
9; 485
10; 485
11; 482
12; 482
13; 479
14; 476
15; 475
0; 472
1; 472
2; 471
3; 470
4; 469
5; 470
6; 470
7; 472
8; 472
9; 478
10; 481
11; 486
12; 490
13; 493
14; 500
15; 504
0; 513
1; 521
2; 531
3; 543
4; 552
5; 563
6; 575
7; 585
8; 597
9; 606
10; 613
11; 619
12; 621
13; 626
14; 622
15; 615
0; 606
1; 594
2; 587
3; 579
4; 574
5; 569
6; 561
7; 558
8; 548
9; 540
10; 531
11; 520
12; 512
13; 499
14; 485
15; 472
0; 459
1; 454
2; 447
3; 443
4; 439
5; 436
6; 436
7; 435
8; 436
9; 436
10; 437
11; 440
12; 440
13; 442
14; 444
15; 444
0; 447
1; 448
2; 451
3; 454
4; 455
5; 461
6; 464
7; 469
8; 474
9; 476
10; 481
11; 483
12; 487
13; 490
14; 492
15; 496
0; 499
1; 501
2; 502
3; 502
4; 505
5; 507
6; 508
7; 510
8; 510
9; 512
10; 512
11; 512
12; 513
13; 512
14; 516
15; 516
0; 516
1; 516
2; 514
3; 516
4; 515
5; 516
6; 516
7; 516
8; 519
9; 519
10; 519
11; 519
12; 519
13; 522
14; 522
15; 523
0; 525
1; 525
2; 527
3; 525
4; 526
5; 527
6; 527
7; 528
8; 527
9; 528
10; 528
11; 527
12; 529
13; 528
14; 531
15; 531
0; 529
1; 531
2; 532
3; 532
4; 533
5; 533
6; 535
7; 535
8; 536
9; 536
10; 537
11; 539
12; 540
13; 541
14; 541
15; 541
0; 543
1; 543
2; 546
3; 548
4; 550
5; 553
6; 552
7; 554
8; 556
9; 557
10; 560
11; 560
12; 563
13; 562
14; 563
15; 565
0; 564
1; 566
2; 567
3; 569
4; 571
5; 568
6; 569
7; 571
8; 572
9; 573
10; 571
11; 572
12; 572
13; 572
14; 573
15; 571
0; 571
1; 571
2; 572
3; 572
4; 569
5; 569
6; 568
7; 565
8; 565
9; 562
10; 561
11; 560
12; 558
13; 560
14; 557
15; 554
0; 553
1; 551
2; 550
3; 547
4; 547
5; 544
6; 542
7; 541
8; 536
9; 535
10; 533
11; 530
12; 529
13; 527
14; 527
15; 525
0; 523
1; 521
2; 517
3; 516
4; 515
5; 512
6; 511
7; 508
8; 506
9; 504
10; 501
11; 500
12; 499
13; 498
14; 497
15; 496
0; 496
1; 495
2; 494
3; 492
4; 491
5; 490
6; 489
7; 489
8; 487
9; 485
10; 486
11; 485
12; 484
13; 483
14; 482
15; 482
0; 481
1; 481
2; 482
3; 481
4; 483
5; 482
6; 483
7; 483
8; 482
9; 483
10; 482
11; 482
12; 481
13; 481
14; 482
15; 480
0; 483
1; 484
2; 483
3; 482
4; 480
5; 482
6; 481
7; 480
8; 482
9; 481
10; 480
11; 483
12; 483
13; 485
14; 485
15; 484
0; 485
1; 486
2; 487
3; 486
4; 486
5; 487
6; 487
7; 488
8; 487
9; 487
10; 487
11; 489
12; 492
13; 490
14; 492
15; 491
0; 490
1; 491
2; 489
3; 490
4; 490
5; 491
6; 492
7; 492
8; 494
9; 495
10; 494
11; 496
12; 495
13; 495
14; 496
15; 494
0; 496
1; 495
2; 496
3; 496
4; 494
5; 497
6; 496
7; 496
8; 495
9; 496
10; 498
11; 498
12; 497
13; 499
14; 498
15; 504
0; 503
1; 505
2; 504
3; 505
4; 506
5; 503
6; 507
7; 505
8; 504
9; 507
10; 507
11; 508
12; 505
13; 504
14; 504
15; 502
0; 502
1; 500
2; 499
3; 502
4; 500
5; 503
6; 504
7; 503
8; 505
9; 505
10; 506
11; 505
12; 505
13; 504
14; 503
15; 503
0; 502
1; 500
2; 502
3; 498
4; 496
5; 495
6; 494
7; 495
8; 491
9; 489
10; 487
11; 485
12; 485
13; 483
14; 483
15; 483
0; 482
1; 483
2; 480
3; 482
4; 483
5; 484
6; 486
7; 485
8; 486
9; 487
10; 486
11; 487
12; 486
13; 487
14; 486
15; 486
0; 487
1; 486
2; 486
3; 486
4; 484
5; 484
6; 485
7; 486
8; 487
9; 487
10; 487
11; 485
12; 486
13; 485
14; 484
15; 487
0; 486
1; 488
2; 487
3; 487
4; 489
5; 488
6; 486
7; 485
8; 484
9; 484
10; 482
11; 482
12; 482
13; 481
14; 481
15; 478
0; 476
1; 475
2; 472
3; 471
4; 467
5; 465
6; 465
7; 463
8; 465
9; 465
10; 467
11; 469
12; 470
13; 476
14; 479
15; 483
0; 489
1; 492
2; 500
3; 507
4; 515
5; 524
6; 531
7; 543
8; 552
9; 564
10; 574
11; 582
12; 594
13; 602
14; 608
15; 614
0; 617
1; 624
2; 629
3; 627
4; 620
5; 606
6; 596
7; 583
8; 575
9; 565
10; 557
11; 551
12; 541
13; 533
14; 523
15; 511
0; 501
1; 487
2; 476
3; 461
4; 447
5; 437
6; 427
7; 423
8; 419
9; 416
10; 415
11; 415
12; 416
13; 419
14; 422
15; 425
0; 427
1; 432
2; 438
3; 443
4; 449
5; 454
6; 458
7; 464
8; 467
9; 472
10; 475
11; 480
12; 483
13; 484
14; 488
15; 489
0; 493
1; 495
2; 496
3; 498
4; 500
5; 504
6; 505
7; 507
8; 508
9; 510
10; 511
11; 511
12; 511
13; 512
14; 514
15; 516
0; 516
1; 515
2; 515
3; 515
4; 517
5; 517
6; 517
7; 518
8; 518
9; 519
10; 519
11; 518
12; 519
13; 518
14; 519
15; 520
0; 520
1; 523
2; 525
3; 527
4; 527
5; 527
6; 529
7; 527
8; 528
9; 528
10; 528
11; 530
12; 529
13; 531
14; 532
15; 532
0; 533
1; 534
2; 535
3; 535
4; 536
5; 540
6; 540
7; 542
8; 540
9; 540
10; 543
11; 542
12; 544
13; 543
14; 544
15; 547
0; 547
1; 549
2; 550
3; 555
4; 558
5; 554
6; 556
7; 559
8; 560
9; 563
10; 563
11; 565
12; 566
13; 568
14; 572
15; 572
0; 574
1; 575
2; 576
3; 582
4; 583
5; 584
6; 585
7; 587
8; 590
9; 589
10; 591
11; 590
12; 591
13; 593
14; 591
15; 593
0; 591
1; 591
2; 591
3; 592
4; 591
5; 589
6; 588
7; 590
8; 586
9; 588
10; 584
11; 582
12; 582
13; 579
14; 578
15; 577
0; 575
1; 574
2; 572
3; 571
4; 569
5; 567
6; 567
7; 563
8; 563
9; 561
10; 558
11; 557
12; 553
13; 550
14; 547
15; 543
0; 542
1; 540
2; 539
3; 537
4; 535
5; 532
6; 530
7; 528
8; 525
9; 521
10; 519
11; 515
12; 513
13; 512
14; 510
15; 509
0; 505
1; 504
2; 503
3; 499
4; 500
5; 499
6; 497
7; 497
8; 494
9; 496
10; 493
11; 493
12; 493
13; 492
14; 492
15; 489
0; 487
1; 484
2; 483
3; 485
4; 483
5; 482
6; 483
7; 483
8; 483
9; 481
10; 482
11; 481
12; 481
13; 481
14; 480
15; 481
0; 479
1; 478
2; 481
3; 481
4; 480
5; 480
6; 478
7; 479
8; 478
9; 480
10; 481
11; 481
12; 482
13; 482
14; 482
15; 483
0; 481
1; 484
2; 482
3; 481
4; 482
5; 483
6; 483
7; 483
8; 483
9; 482
10; 481
11; 484
12; 483
13; 483
14; 483
15; 481
0; 483
1; 482
2; 481
3; 480
4; 482
5; 485
6; 484
7; 485
8; 486
9; 487
10; 488
11; 486
12; 488
13; 488
14; 487
15; 488
0; 486
1; 486
2; 487
3; 487
4; 489
5; 488
6; 489
7; 490
8; 489
9; 492
10; 491
11; 492
12; 492
13; 490
14; 491
15; 490
0; 492
1; 492
2; 490
3; 490
4; 491
5; 495
6; 496
7; 496
8; 502
9; 503
10; 504
11; 506
12; 508
13; 511
14; 512
15; 513
0; 513
1; 513
2; 514
3; 512
4; 510
5; 508
6; 508
7; 510
8; 508
9; 507
10; 507
11; 507
12; 510
13; 510
14; 512
15; 512
0; 511
1; 512
2; 511
3; 512
4; 512
5; 510
6; 509
7; 505
8; 504
9; 499
10; 496
11; 496
12; 493
13; 491
14; 488
15; 487
0; 485
1; 481
2; 481
3; 480
4; 479
5; 478
6; 477
7; 476
8; 476
9; 477
10; 480
11; 480
12; 482
13; 481
14; 483
15; 482
0; 483
1; 484
2; 483
3; 482
4; 485
5; 484
6; 485
7; 484
8; 481
9; 483
10; 483
11; 484
12; 486
13; 486
14; 486
15; 487
0; 487
1; 487
2; 486
3; 487
4; 484
5; 483
6; 484
7; 484
8; 485
9; 486
10; 488
11; 487
12; 486
13; 487
14; 487
15; 487
0; 489
1; 489
2; 490
3; 488
4; 488
5; 487
6; 486
7; 484
8; 479
9; 476
10; 472
11; 468
12; 468
13; 465
14; 463
15; 461
0; 460
1; 459
2; 457
3; 461
4; 464
5; 467
6; 473
7; 477
8; 483
9; 489
10; 496
11; 506
12; 515
13; 527
14; 538
15; 550
0; 562
1; 575
2; 590
3; 600
4; 611
5; 619
6; 624
7; 632
8; 636
9; 639
10; 639
11; 629
12; 617
13; 606
14; 595
15; 586
0; 575
1; 567
2; 558
3; 549
4; 539
5; 526
6; 516
7; 503
8; 487
9; 472
10; 454
11; 438
12; 424
13; 415
14; 409
15; 406
0; 404
1; 404
2; 407
3; 408
4; 411
5; 415
6; 415
7; 418
8; 422
9; 425
10; 429
11; 434
12; 439
13; 444
14; 448
15; 455
0; 459
1; 466
2; 471
3; 473
4; 478
5; 482
6; 486
7; 492
8; 493
9; 498
10; 499
11; 500
12; 503
13; 501
14; 505
15; 507
0; 511
1; 513
2; 510
3; 514
4; 515
5; 515
6; 515
7; 517
8; 518
9; 518
10; 518
11; 520
12; 519
13; 523
14; 523
15; 523
0; 525
1; 525
2; 526
3; 526
4; 526
5; 529
6; 529
7; 531
8; 530
9; 529
10; 530
11; 528
12; 529
13; 528
14; 528
15; 528
0; 527
1; 528
2; 529
3; 530
4; 531
5; 531
6; 532
7; 536
8; 537
9; 539
10; 535
11; 539
12; 539
13; 539
14; 540
15; 540
0; 541
1; 542
2; 543
3; 547
4; 547
5; 549
6; 550
7; 551
8; 554
9; 554
10; 556
11; 557
12; 557
13; 560
14; 560
15; 562
0; 564
1; 567
2; 570
3; 570
4; 574
5; 575
6; 577
7; 581
8; 581
9; 584
10; 586
11; 588
12; 591
13; 590
14; 592
15; 593
0; 592
1; 597
2; 595
3; 598
4; 599
5; 599
6; 601
7; 601
8; 602
9; 602
10; 601
11; 603
12; 600
13; 600
14; 600
15; 597
0; 598
1; 594
2; 593
3; 590
4; 588
5; 588
6; 587
7; 584
8; 583
9; 579
10; 579
11; 573
12; 574
13; 573
14; 571
15; 569
0; 564
1; 561
2; 559
3; 556
4; 554
5; 549
6; 546
7; 543
8; 539
9; 537
10; 534
11; 532
12; 529
13; 526
14; 523
15; 519
0; 518
1; 515
2; 511
3; 509
4; 506
5; 504
6; 502
7; 499
8; 498
9; 495
10; 496
11; 494
12; 493
13; 492
14; 490
15; 488
0; 487
1; 484
2; 484
3; 482
4; 481
5; 480
6; 478
7; 477
8; 474
9; 474
10; 473
11; 473
12; 473
13; 471
14; 471
15; 471
0; 469
1; 469
2; 468
3; 468
4; 468
5; 467
6; 468
7; 469
8; 470
9; 471
10; 470
11; 470
12; 470
13; 471
14; 471
15; 471
0; 472
1; 470
2; 471
3; 470
4; 471
5; 472
6; 472
7; 473
8; 472
9; 472
10; 472
11; 472
12; 472
13; 472
14; 471
15; 472
0; 472
1; 474
2; 475
3; 475
4; 475
5; 472
6; 473
7; 474
8; 474
9; 474
10; 475
11; 476
12; 476
13; 476
14; 477
15; 478
0; 478
1; 478
2; 477
3; 477
4; 476
5; 478
6; 479
7; 479
8; 481
9; 481
10; 482
11; 483
12; 483
13; 486
14; 484
15; 485
0; 486
1; 486
2; 487
3; 487
4; 487
5; 487
6; 486
7; 487
8; 486
9; 487
10; 487
11; 487
12; 489
13; 490
14; 491
15; 492
0; 492
1; 495
2; 496
3; 499
4; 500
5; 501
6; 503
7; 503
8; 504
9; 504
10; 505
11; 506
12; 505
13; 506
14; 505
15; 504
0; 503
1; 503
2; 503
3; 503
4; 504
5; 505
6; 506
7; 508
8; 508
9; 507
10; 507
11; 507
12; 508
13; 507
14; 506
15; 505
0; 503
1; 502
2; 499
3; 497
4; 495
5; 492
6; 492
7; 490
8; 487
9; 487
10; 483
11; 483
12; 483
13; 481
14; 481
15; 480
0; 480
1; 480
2; 479
3; 480
4; 479
5; 480
6; 480
7; 480
8; 481
9; 479
10; 479
11; 478
12; 477
13; 478
14; 477
15; 477
0; 478
1; 478
2; 478
3; 476
4; 476
5; 477
6; 477
7; 479
8; 479
9; 480
10; 480
11; 481
12; 483
13; 483
14; 484
15; 485
0; 487
1; 488
2; 487
3; 486
4; 485
5; 485
6; 487
7; 486
8; 486
9; 484
10; 483
11; 484
12; 483
13; 482
14; 481
15; 480
0; 482
1; 480
2; 479
3; 476
4; 473
5; 470
6; 467
7; 464
8; 460
9; 458
10; 456
11; 455
12; 455
13; 455
14; 456
15; 459
0; 462
1; 468
2; 473
3; 477
4; 483
5; 489
6; 500
7; 511
8; 521
9; 534
10; 546
11; 560
12; 573
13; 585
14; 599
15; 608
0; 619
1; 627
2; 635
3; 642
4; 643
5; 639
6; 629
7; 616
8; 605
9; 593
10; 585
11; 576
12; 567
13; 559
14; 549
15; 540
0; 529
1; 516
2; 502
3; 487
4; 472
5; 455
6; 440
7; 429
8; 420
9; 415
10; 412
11; 411
12; 411
13; 411
14; 413
15; 415
0; 417
1; 419
2; 418
3; 421
4; 425
5; 429
6; 433
7; 437
8; 442
9; 445
10; 449
11; 457
12; 463
13; 470
14; 476
15; 480
0; 484
1; 485
2; 488
3; 491
4; 493
5; 496
6; 497
7; 499
8; 501
9; 502
10; 504
11; 504
12; 507
13; 508
14; 508
15; 511
0; 511
1; 513
2; 514
3; 513
4; 515
5; 513
6; 515
7; 516
8; 517
9; 519
10; 518
11; 519
12; 519
13; 520
14; 521
15; 519
0; 519
1; 519
2; 519
3; 521
4; 521
5; 523
6; 523
7; 523
8; 524
9; 523
10; 526
11; 527
12; 526
13; 527
14; 524
15; 526
0; 527
1; 528
2; 529
3; 528
4; 530
5; 531
6; 531
7; 534
8; 533
9; 534
10; 534
11; 535
12; 537
13; 537
14; 539
15; 540
0; 540
1; 543
2; 543
3; 545
4; 546
5; 547
6; 549
7; 549
8; 551
9; 552
10; 555
11; 558
12; 558
13; 560
14; 562
15; 565
0; 567
1; 570
2; 572
3; 575
4; 576
5; 579
6; 580
7; 582
8; 583
9; 583
10; 587
11; 587
12; 588
13; 589
14; 587
15; 590
0; 588
1; 592
2; 591
3; 590
4; 592
5; 592
6; 592
7; 591
8; 588
9; 589
10; 589
11; 588
12; 586
13; 583
14; 582
15; 580
0; 577
1; 575
2; 573
3; 574
4; 570
5; 568
6; 566
7; 563
8; 562
9; 559
10; 556
11; 554
12; 551
13; 550
14; 545
15; 543
0; 540
1; 537
2; 537
3; 533
4; 530
5; 527
6; 524
7; 522
8; 519
9; 519
10; 515
11; 509
12; 506
13; 504
14; 505
15; 504
0; 504
1; 503
2; 499
3; 497
4; 495
5; 493
6; 494
7; 491
8; 489
9; 488
10; 486
11; 483
12; 483
13; 484
14; 483
15; 481
0; 480
1; 478
2; 478
3; 478
4; 476
5; 475
6; 473
7; 473
8; 472
9; 471
10; 469
11; 466
12; 469
13; 471
14; 471
15; 472
0; 472
1; 472
2; 471
3; 470
4; 470
5; 469
6; 469
7; 470
8; 471
9; 472
10; 472
11; 472
12; 472
13; 471
14; 471
15; 472
0; 473
1; 473
2; 472
3; 473
4; 472
5; 472
6; 474
7; 473
8; 473
9; 470
10; 472
11; 474
12; 475
13; 477
14; 475
15; 475
0; 476
1; 476
2; 478
3; 477
4; 479
5; 478
6; 476
7; 476
8; 475
9; 476
10; 477
11; 477
12; 479
13; 478
14; 480
15; 481
0; 482
1; 485
2; 486
3; 487
4; 488
5; 487
6; 485
7; 484
8; 486
9; 486
10; 487
11; 487
12; 489
13; 491
14; 490
15; 489
0; 490
1; 489
2; 490
3; 490
4; 493
5; 494
6; 492
7; 496
8; 496
9; 496
10; 499
11; 502
12; 503
13; 502
14; 502
15; 504
0; 503
1; 505
2; 504
3; 503
4; 504
5; 504
6; 505
7; 505
8; 504
9; 502
10; 500
11; 501
12; 500
13; 501
14; 503
15; 503
0; 504
1; 505
2; 505
3; 507
4; 506
5; 504
6; 502
7; 499
8; 498
9; 498
10; 499
11; 496
12; 495
13; 495
14; 489
15; 487
0; 487
1; 486
2; 487
3; 483
4; 482
5; 479
6; 478
7; 478
8; 477
9; 480
10; 480
11; 480
12; 480
13; 478
14; 481
15; 481
0; 481
1; 482
2; 481
3; 483
4; 483
5; 482
6; 483
7; 483
8; 480
9; 479
10; 479
11; 480
12; 480
13; 483
14; 482
15; 480
0; 482
1; 482
2; 486
3; 486
4; 486
5; 485
6; 484
7; 485
8; 485
9; 485
10; 486
11; 485
12; 485
13; 485
14; 485
15; 487
0; 487
1; 488
2; 487
3; 485
4; 487
5; 485
6; 484
7; 483
8; 482
9; 481
10; 479
11; 477
12; 473
13; 471
14; 471
15; 469
0; 467
1; 467
2; 467
3; 467
4; 468
5; 470
6; 470
7; 473
8; 478
9; 483
10; 488
11; 495
12; 502
13; 512
14; 516
15; 524
0; 534
1; 545
2; 556
3; 566
4; 580
5; 592
6; 603
7; 610
8; 616
9; 624
10; 627
11; 624
12; 616
13; 603
14; 593
15; 583
0; 576
1; 569
2; 564
3; 557
4; 550
5; 543
6; 536
7; 524
8; 514
9; 503
10; 488
11; 476
12; 461
13; 448
14; 439
15; 432
0; 431
1; 427
2; 425
3; 427
4; 425
5; 426
6; 427
7; 431
8; 430
9; 427
10; 430
11; 432
12; 432
13; 435
14; 436
15; 440
0; 442
1; 447
2; 451
3; 456
4; 462
5; 465
6; 472
7; 475
8; 478
9; 484
10; 486
11; 484
12; 489
13; 491
14; 495
15; 495
0; 497
1; 499
2; 500
3; 505
4; 506
5; 510
6; 512
7; 515
8; 520
9; 518
10; 519
11; 518
12; 518
13; 521
14; 521
15; 521
0; 522
1; 523
2; 523
3; 520
4; 519
5; 519
6; 518
7; 520
8; 520
9; 521
10; 519
11; 519
12; 523
13; 523
14; 525
15; 526
0; 526
1; 527
2; 526
3; 528
4; 529
5; 528
6; 529
7; 528
8; 530
9; 530
10; 531
11; 531
12; 528
13; 530
14; 531
15; 531
0; 532
1; 534
2; 537
3; 536
4; 533
5; 535
6; 535
7; 536
8; 539
9; 541
10; 547
11; 542
12; 542
13; 542
14; 543
15; 550
0; 551
1; 551
2; 556
3; 558
4; 560
5; 558
6; 562
7; 562
8; 563
9; 568
10; 572
11; 574
12; 574
13; 573
14; 576
15; 577
0; 576
1; 577
2; 578
3; 581
4; 580
5; 581
6; 581
7; 582
8; 584
9; 583
10; 583
11; 582
12; 579
13; 580
14; 580
15; 580
0; 579
1; 577
2; 575
3; 572
4; 573
5; 573
6; 572
7; 572
8; 572
9; 574
10; 574
11; 570
12; 569
13; 565
14; 562
15; 558
0; 555
1; 557
2; 553
3; 550
4; 545
5; 541
6; 540
7; 537
8; 535
9; 532
10; 531
11; 532
12; 530
13; 525
14; 522
15; 523
0; 523
1; 519
2; 518
3; 515
4; 513
5; 511
6; 511
7; 509
8; 504
9; 503
10; 503
11; 499
12; 499
13; 499
14; 498
15; 498
0; 494
1; 493
2; 492
3; 491
4; 490
5; 487
6; 487
7; 486
8; 487
9; 484
10; 483
11; 483
12; 483
13; 485
14; 484
15; 483
0; 483
1; 481
2; 480
3; 480
4; 478
5; 476
6; 474
7; 474
8; 476
9; 476
10; 478
11; 479
12; 480
13; 481
14; 480
15; 481
0; 481
1; 481
2; 483
3; 482
4; 483
5; 484
6; 484
7; 485
8; 483
9; 483
10; 483
11; 482
12; 482
13; 482
14; 483
15; 483
0; 483
1; 485
2; 482
3; 483
4; 482
5; 479
6; 479
7; 481
8; 483
9; 482
10; 481
11; 482
12; 480
13; 481
14; 482
15; 484
0; 486
1; 487
2; 487
3; 487
4; 489
5; 492
6; 491
7; 493
8; 494
9; 495
10; 495
11; 494
12; 496
13; 496
14; 497
15; 497
0; 496
1; 498
2; 496
3; 495
4; 497
5; 497
6; 498
7; 498
8; 498
9; 499
10; 496
11; 498
12; 499
13; 500
14; 500
15; 499
0; 503
1; 505
2; 504
3; 504
4; 502
5; 502
6; 504
7; 502
8; 502
9; 498
10; 498
11; 497
12; 496
13; 496
14; 494
15; 496
0; 496
1; 498
2; 499
3; 498
4; 500
5; 499
6; 499
7; 500
8; 502
9; 502
10; 501
11; 500
12; 500
13; 497
14; 497
15; 496
0; 495
1; 495
2; 492
3; 492
4; 491
5; 491
6; 491
7; 487
8; 486
9; 486
10; 485
11; 483
12; 482
13; 480
14; 479
15; 480
0; 480
1; 479
2; 482
3; 481
4; 479
5; 480
6; 479
7; 480
8; 479
9; 479
10; 478
11; 476
12; 479
13; 480
14; 480
15; 480
0; 479
1; 480
2; 480
3; 481
4; 483
5; 481
6; 483
7; 484
8; 483
9; 483
10; 483
11; 483
12; 483
13; 485
14; 489
15; 487
0; 486
1; 487
2; 487
3; 488
4; 487
5; 485
6; 484
7; 484
8; 485
9; 484
10; 484
11; 483
12; 483
13; 482
14; 479
15; 479
0; 476
1; 473
2; 472
3; 469
4; 467
5; 465
6; 463
7; 465
8; 464
9; 465
10; 466
11; 468
12; 471
13; 473
14; 478
15; 481
0; 486
1; 493
2; 500
3; 508
4; 516
5; 525
6; 538
7; 548
8; 558
9; 568
10; 576
11; 590
12; 599
13; 611
14; 616
15; 621
0; 625
1; 621
2; 617
3; 606
4; 596
5; 589
6; 579
7; 572
8; 567
9; 562
10; 558
11; 549
12; 542
13; 533
14; 523
15; 515
0; 505
1; 490
2; 473
3; 461
4; 453
5; 446
6; 443
7; 439
8; 436
9; 436
10; 435
11; 435
12; 435
13; 435
14; 437
15; 438
0; 440
1; 441
2; 440
3; 442
4; 444
5; 446
6; 450
7; 454
8; 459
9; 462
10; 467
11; 471
12; 474
13; 479
14; 480
15; 483
0; 486
1; 488
2; 491
3; 492
4; 494
5; 496
6; 497
7; 501
8; 502
9; 504
10; 506
11; 507
12; 509
13; 509
14; 510
15; 511
0; 510
1; 512
2; 510
3; 510
4; 510
5; 512
6; 514
7; 514
8; 515
9; 516
10; 516
11; 518
12; 518
13; 518
14; 519
15; 519
0; 519
1; 519
2; 519
3; 519
4; 520
5; 521
6; 521
7; 523
8; 524
9; 524
10; 526
11; 526
12; 526
13; 527
14; 526
15; 529
0; 529
1; 528
2; 528
3; 528
4; 530
5; 528
6; 531
7; 532
8; 532
9; 533
10; 533
11; 533
12; 534
13; 534
14; 536
15; 536
0; 537
1; 537
2; 538
3; 541
4; 542
5; 544
6; 545
7; 546
8; 549
9; 549
10; 550
11; 551
12; 552
13; 555
14; 556
15; 558
0; 560
1; 561
2; 562
3; 564
4; 567
5; 567
6; 568
7; 571
8; 572
9; 575
10; 572
11; 572
12; 575
13; 575
14; 575
15; 575
0; 573
1; 574
2; 571
3; 572
4; 571
5; 571
6; 572
7; 571
8; 569
9; 567
10; 567
11; 568
12; 566
13; 566
14; 564
15; 563
0; 563
1; 559
2; 557
3; 553
4; 551
5; 550
6; 547
7; 547
8; 545
9; 543
10; 543
11; 540
12; 540
13; 537
14; 535
15; 535
0; 531
1; 529
2; 527
3; 525
4; 524
5; 520
6; 519
7; 517
8; 516
9; 516
10; 514
11; 512
12; 509
13; 508
14; 508
15; 505
0; 504
1; 502
2; 500
3; 498
4; 497
5; 496
6; 495
7; 494
8; 493
9; 490
10; 490
11; 490
12; 491
13; 492
14; 492
15; 492
0; 491
1; 489
2; 489
3; 488
4; 489
5; 487
6; 487
7; 487
8; 487
9; 487
10; 487
11; 487
12; 487
13; 487
14; 487
15; 487
0; 487
1; 489
2; 488
3; 490
4; 490
5; 489
6; 491
7; 489
8; 488
9; 487
10; 486
11; 487
12; 486
13; 487
14; 487
15; 488
0; 490
1; 489
2; 491
3; 491
4; 491
5; 492
6; 492
7; 493
8; 492
9; 493
10; 492
11; 490
12; 491
13; 491
14; 491
15; 492
0; 492
1; 493
2; 492
3; 493
4; 494
5; 492
6; 492
7; 493
8; 493
9; 494
10; 494
11; 495
12; 495
13; 496
14; 497
15; 496
0; 498
1; 499
2; 499
3; 500
4; 499
5; 500
6; 500
7; 497
8; 498
9; 498
10; 500
11; 499
12; 499
13; 502
14; 501
15; 502
0; 500
1; 500
2; 503
3; 503
4; 504
5; 506
6; 508
7; 510
8; 511
9; 512
10; 512
11; 511
12; 510
13; 511
14; 512
15; 512
0; 511
1; 512
2; 512
3; 512
4; 512
5; 511
6; 511
7; 508
8; 509
9; 508
10; 508
11; 510
12; 510
13; 512
14; 511
15; 511
0; 513
1; 514
2; 515
3; 514
4; 513
5; 514
6; 511
7; 510
8; 507
9; 505
10; 503
11; 502
12; 500
13; 500
14; 499
15; 498
0; 496
1; 496
2; 494
3; 492
4; 492
5; 488
6; 488
7; 487
8; 486
9; 486
10; 484
11; 485
12; 484
13; 485
14; 486
15; 484
0; 486
1; 486
2; 487
3; 487
4; 486
5; 487
6; 487
7; 488
8; 488
9; 487
10; 488
11; 489
12; 488
13; 489
14; 488
15; 490
0; 490
1; 491
2; 492
3; 491
4; 492
5; 492
6; 491
7; 492
8; 491
9; 491
10; 490
11; 489
12; 490
13; 489
14; 490
15; 489
0; 488
1; 489
2; 488
3; 489
4; 488
5; 487
6; 486
7; 482
8; 481
9; 479
10; 477
11; 475
12; 471
13; 470
14; 468
15; 468
0; 468
1; 468
2; 468
3; 471
4; 474
5; 476
6; 481
7; 487
8; 491
9; 496
10; 502
11; 508
12; 518
13; 525
14; 535
15; 544
0; 554
1; 566
2; 576
3; 586
4; 596
5; 604
6; 612
7; 617
8; 622
9; 628
10; 631
11; 632
12; 625
13; 615
14; 605
15; 594
0; 586
1; 579
2; 571
3; 564
4; 555
5; 547
6; 538
7; 527
8; 518
9; 505
10; 494
11; 480
12; 467
13; 456
14; 446
15; 441
0; 436
1; 434
2; 433
3; 432
4; 433
5; 433
6; 434
7; 435
8; 435
9; 438
10; 440
11; 444
12; 447
13; 449
14; 454
15; 457
0; 462
1; 466
2; 467
3; 471
4; 473
5; 478
6; 482
7; 485
8; 489
9; 492
10; 495
11; 496
12; 496
13; 499
14; 501
15; 504
0; 505
1; 507
2; 508
3; 508
4; 507
5; 509
6; 508
7; 508
8; 508
9; 509
10; 511
11; 511
12; 513
13; 514
14; 515
15; 516
0; 515
1; 515
2; 513
3; 515
4; 516
5; 515
6; 517
7; 517
8; 517
9; 519
10; 518
11; 520
12; 521
13; 522
14; 522
15; 521
0; 522
1; 521
2; 521
3; 522
4; 521
5; 524
6; 524
7; 526
8; 527
9; 527
10; 529
11; 529
12; 528
13; 530
14; 529
15; 530
0; 530
1; 528
2; 531
3; 531
4; 532
5; 532
6; 534
7; 536
8; 536
9; 540
10; 542
11; 542
12; 544
13; 544
14; 546
15; 547
0; 547
1; 549
2; 548
3; 550
4; 551
5; 552
6; 555
7; 556
8; 558
9; 559
10; 560
11; 563
12; 564
13; 566
14; 568
15; 568
0; 570
1; 570
2; 571
3; 571
4; 572
5; 571
6; 572
7; 574
8; 573
9; 573
10; 574
11; 574
12; 576
13; 575
14; 575
15; 574
0; 572
1; 571
2; 570
3; 568
4; 567
5; 565
6; 564
7; 562
8; 561
9; 561
10; 560
11; 561
12; 559
13; 556
14; 556
15; 554
0; 552
1; 551
2; 548
3; 545
4; 541
5; 540
6; 538
7; 536
8; 535
9; 532
10; 530
11; 527
12; 524
13; 523
14; 518
15; 517
0; 515
1; 515
2; 515
3; 513
4; 512
5; 510
6; 508
7; 508
8; 505
9; 504
10; 502
11; 500
12; 500
13; 499
14; 499
15; 497
0; 496
1; 495
2; 495
3; 495
4; 493
5; 491
6; 491
7; 490
8; 490
9; 489
10; 488
11; 489
12; 489
13; 490
14; 489
15; 489
0; 489
1; 487
2; 486
3; 484
4; 484
5; 484
6; 482
7; 482
8; 483
9; 482
10; 481
11; 480
12; 481
13; 481
14; 481
15; 483
0; 483
1; 483
2; 482
3; 483
4; 483
5; 482
6; 483
7; 483
8; 483
9; 483
10; 483
11; 483
12; 483
13; 483
14; 484
15; 484
0; 485
1; 484
2; 483
3; 484
4; 484
5; 484
6; 483
7; 483
8; 482
9; 482
10; 483
11; 482
12; 483
13; 485
14; 486
15; 487
0; 487
1; 488
2; 490
3; 489
4; 489
5; 489
6; 489
7; 491
8; 490
9; 491
10; 491
11; 492
12; 492
13; 489
14; 490
15; 491
0; 491
1; 492
2; 492
3; 494
4; 495
5; 494
6; 496
7; 496
8; 496
9; 496
10; 497
11; 496
12; 496
13; 496
14; 497
15; 498
0; 499
1; 500
2; 503
3; 504
4; 506
5; 508
6; 510
7; 512
8; 511
9; 512
10; 513
11; 513
12; 512
13; 511
14; 509
15; 511
0; 508
1; 510
2; 510
3; 510
4; 510
5; 508
6; 511
7; 511
8; 511
9; 511
10; 512
11; 512
12; 511
13; 511
14; 511
15; 510
0; 511
1; 510
2; 510
3; 511
4; 509
5; 508
6; 507
7; 505
8; 504
9; 500
10; 497
11; 494
12; 493
13; 493
14; 491
15; 491
0; 490
1; 487
2; 488
3; 487
4; 486
5; 485
6; 484
7; 485
8; 483
9; 483
10; 483
11; 483
12; 483
13; 483
14; 483
15; 483
0; 484
1; 483
2; 483
3; 484
4; 485
5; 485
6; 487
7; 486
8; 487
9; 485
10; 484
11; 486
12; 483
13; 484
14; 485
15; 485
0; 486
1; 485
2; 487
3; 485
4; 486
5; 487
6; 486
7; 486
8; 486
9; 486
10; 487
11; 486
12; 486
13; 486
14; 485
15; 485
0; 483
1; 483
2; 481
3; 480
4; 480
5; 476
6; 475
7; 472
8; 470
9; 467
10; 466
11; 466
12; 464
13; 464
14; 464
15; 464
0; 467
1; 467
2; 471
3; 475
4; 480
5; 485
6; 489
7; 497
8; 503
9; 511
10; 521
11; 531
12; 541
13; 553
14; 562
15; 575
0; 586
1; 595
2; 604
3; 609
4; 615
5; 620
6; 626
7; 632
8; 632
9; 627
10; 616
11; 604
12; 595
13; 584
14; 574
15; 564
0; 557
1; 550
2; 540
3; 530
4; 520
5; 508
6; 496
7; 483
8; 471
9; 456
10; 443
11; 433
12; 427
13; 423
14; 420
15; 420
0; 419
1; 420
2; 419
3; 421
4; 423
5; 427
6; 428
7; 432
8; 434
9; 437
10; 440
11; 446
12; 452
13; 457
14; 463
15; 468
0; 472
1; 475
2; 478
3; 480
4; 484
5; 486
6; 489
7; 492
8; 494
9; 496
10; 496
11; 497
12; 497
13; 498
14; 501
15; 501
0; 504
1; 505
2; 507
3; 508
4; 508
5; 511
6; 511
7; 511
8; 513
9; 515
10; 516
11; 515
12; 516
13; 516
14; 517
15; 519
0; 519
1; 518
2; 517
3; 515
4; 515
5; 516
6; 519
7; 521
8; 518
9; 519
10; 518
11; 519
12; 522
13; 522
14; 524
15; 524
0; 524
1; 527
2; 525
3; 525
4; 524
5; 526
6; 527
7; 526
8; 529
9; 530
10; 531
11; 534
12; 533
13; 534
14; 535
15; 536
0; 537
1; 537
2; 539
3; 538
4; 540
5; 542
6; 542
7; 544
8; 545
9; 546
10; 547
11; 547
12; 551
13; 551
14; 553
15; 556
0; 556
1; 557
2; 560
3; 561
4; 562
5; 563
6; 566
7; 568
8; 570
9; 573
10; 574
11; 578
12; 579
13; 579
14; 581
15; 580
0; 582
1; 582
2; 582
3; 582
4; 580
5; 581
6; 579
7; 579
8; 579
9; 577
10; 578
11; 576
12; 575
13; 578
14; 577
15; 575
0; 573
1; 572
2; 572
3; 567
4; 566
5; 565
6; 562
7; 563
8; 560
9; 559
10; 557
11; 556
12; 555
13; 552
14; 552
15; 551
0; 549
1; 549
2; 547
3; 544
4; 542
5; 540
6; 539
7; 534
8; 532
9; 530
10; 526
11; 524
12; 522
13; 520
14; 517
15; 515
0; 514
1; 512
2; 510
3; 507
4; 504
5; 505
6; 503
7; 501
8; 498
9; 497
10; 496
11; 493
12; 492
13; 491
14; 489
15; 490
0; 488
1; 488
2; 489
3; 488
4; 487
5; 487
6; 485
7; 483
8; 483
9; 483
10; 481
11; 480
12; 479
13; 480
14; 480
15; 479
0; 479
1; 479
2; 480
3; 480
4; 478
5; 477
6; 475
7; 475
8; 475
9; 476
10; 478
11; 478
12; 477
13; 476
14; 475
15; 476
0; 476
1; 476
2; 476
3; 475
4; 477
5; 476
6; 476
7; 477
8; 476
9; 476
10; 476
11; 476
12; 476
13; 475
14; 475
15; 475
0; 478
1; 481
2; 481
3; 483
4; 482
5; 481
6; 480
7; 479
8; 480
9; 479
10; 480
11; 480
12; 479
13; 480
14; 480
15; 481
0; 481
1; 482
2; 484
3; 484
4; 486
5; 487
6; 486
7; 486
8; 485
9; 486
10; 486
11; 485
12; 486
13; 487
14; 487
15; 489
0; 487
1; 487
2; 487
3; 488
4; 488
5; 487
6; 489
7; 489
8; 491
9; 489
10; 487
11; 488
12; 490
13; 489
14; 489
15; 489
0; 491
1; 491
2; 493
3; 495
4; 495
5; 498
6; 498
7; 499
8; 501
9; 502
10; 504
11; 504
12; 506
13; 508
14; 507
15; 507
0; 504
1; 504
2; 503
3; 501
4; 502
5; 500
6; 500
7; 500
8; 499
9; 502
10; 504
11; 506
12; 508
13; 507
14; 509
15; 510
0; 511
1; 513
2; 512
3; 512
4; 510
5; 511
6; 510
7; 507
8; 505
9; 502
10; 501
11; 500
12; 496
13; 494
14; 491
15; 488
0; 488
1; 487
2; 486
3; 484
4; 484
5; 483
6; 482
7; 482
8; 481
9; 481
10; 480
11; 480
12; 481
13; 481
14; 483
15; 483
0; 483
1; 483
2; 483
3; 482
4; 482
5; 482
6; 484
7; 483
8; 481
9; 481
10; 481
11; 482
12; 483
13; 480
14; 483
15; 482
0; 481
1; 481
2; 480
3; 483
4; 481
5; 481
6; 482
7; 483
8; 483
9; 481
10; 486
11; 487
12; 489
13; 492
14; 491
15; 490
0; 487
1; 483
2; 480
3; 478
4; 478
5; 478
6; 477
7; 478
8; 477
9; 478
10; 476
11; 472
12; 471
13; 467
14; 464
15; 465
0; 465
1; 466
2; 467
3; 469
4; 471
5; 474
6; 478
7; 481
8; 487
9; 492
10; 498
11; 505
12; 515
13; 527
14; 537
15; 549
0; 563
1; 573
2; 585
3; 597
4; 607
5; 615
6; 621
7; 628
8; 634
9; 639
10; 642
11; 633
12; 624
13; 610
14; 598
15; 590
0; 578
1; 570
2; 559
3; 548
4; 539
5; 527
6; 517
7; 503
8; 488
9; 473
10; 457
11; 440
12; 425
13; 415
14; 408
15; 402
0; 400
1; 397
2; 398
3; 399
4; 398
5; 399
6; 401
7; 403
8; 408
9; 413
10; 422
11; 432
12; 441
13; 449
14; 460
15; 470
0; 477
1; 484
2; 489
3; 492
4; 494
5; 497
6; 499
7; 505
8; 505
9; 509
10; 509
11; 509
12; 510
13; 510
14; 510
15; 512
0; 513
1; 515
2; 513
3; 513
4; 511
5; 511
6; 512
7; 513
8; 516
9; 519
10; 522
11; 526
12; 527
13; 530
14; 532
15; 532
0; 533
1; 531
2; 533
3; 534
4; 533
5; 532
6; 531
7; 529
8; 531
9; 531
10; 532
11; 532
12; 533
13; 532
14; 531
15; 534
0; 535
1; 537
2; 540
3; 542
4; 543
5; 542
6; 543
7; 544
8; 545
9; 548
10; 550
11; 553
12; 557
13; 558
14; 560
15; 560
0; 562
1; 566
2; 569
3; 571
4; 571
5; 572
6; 572
7; 572
8; 573
9; 573
10; 574
11; 571
12; 570
13; 574
14; 577
15; 583
0; 583
1; 585
2; 587
3; 588
4; 588
5; 590
6; 590
7; 594
8; 594
9; 597
10; 600
11; 603
12; 607
13; 607
14; 613
15; 615
0; 615
1; 616
2; 616
3; 617
4; 619
5; 617
6; 617
7; 615
8; 612
9; 611
10; 609
11; 609
12; 609
13; 609
14; 610
15; 610
0; 612
1; 611
2; 610
3; 608
4; 608
5; 608
6; 606
7; 605
8; 603
9; 600
10; 597
11; 592
12; 586
13; 579
14; 574
15; 572
0; 570
1; 570
2; 569
3; 571
4; 572
5; 571
6; 572
7; 569
8; 567
9; 567
10; 563
11; 560
12; 554
13; 549
14; 547
15; 544
0; 542
1; 539
2; 536
3; 534
4; 532
5; 531
6; 530
7; 528
8; 526
9; 523
10; 520
11; 517
12; 514
13; 513
14; 511
15; 511
0; 508
1; 505
2; 504
3; 502
4; 501
5; 498
6; 497
7; 496
8; 491
9; 489
10; 488
11; 490
12; 490
13; 487
14; 484
15; 483
0; 483
1; 481
2; 478
3; 480
4; 481
5; 484
6; 484
7; 486
8; 489
9; 489
10; 487
11; 487
12; 487
13; 486
14; 485
15; 485
0; 489
1; 491
2; 493
3; 495
4; 497
5; 500
6; 502
7; 503
8; 504
9; 503
10; 502
11; 499
12; 498
13; 498
14; 498
15; 497
0; 498
1; 501
2; 500
3; 502
4; 502
5; 499
6; 499
7; 498
8; 495
9; 491
10; 488
11; 489
12; 489
13; 492
14; 493
15; 492
0; 494
1; 495
2; 495
3; 497
4; 497
5; 500
6; 502
7; 503
8; 503
9; 503
10; 504
11; 504
12; 504
13; 504
14; 503
15; 503
0; 500
1; 499
2; 499
3; 500
4; 504
5; 507
6; 508
7; 508
8; 508
9; 510
10; 510
11; 511
12; 510
13; 510
14; 510
15; 508
0; 509
1; 511
2; 508
3; 506
4; 506
5; 511
6; 513
7; 516
8; 521
9; 526
10; 528
11; 531
12; 531
13; 532
14; 532
15; 532
0; 533
1; 534
2; 535
3; 534
4; 533
5; 533
6; 531
7; 530
8; 529
9; 529
10; 529
11; 527
12; 526
13; 526
14; 526
15; 527
0; 528
1; 528
2; 528
3; 527
4; 528
5; 525
6; 525
7; 521
8; 518
9; 514
10; 512
11; 512
12; 512
13; 515
14; 517
15; 515
0; 512
1; 510
2; 508
3; 505
4; 501
5; 497
6; 493
7; 495
8; 497
9; 499
10; 499
11; 500
12; 499
13; 499
14; 496
15; 493
0; 492
1; 491
2; 491
3; 491
4; 493
5; 492
6; 494
7; 497
8; 499
9; 499
10; 499
11; 499
12; 496
13; 492
14; 494
15; 493
0; 491
1; 491
2; 488
3; 487
4; 485
5; 483
6; 483
7; 483
8; 484
9; 481
10; 481
11; 484
12; 487
13; 488
14; 487
15; 485
0; 483
1; 483
2; 486
3; 485
4; 483
5; 483
6; 480
7; 480
8; 477
9; 475
10; 473
11; 472
12; 475
13; 475
14; 476
15; 476
0; 472
1; 471
2; 467
3; 464
4; 460
5; 459
6; 457
7; 455
8; 457
9; 462
10; 464
11; 470
12; 474
13; 480
14; 488
15; 497
0; 505
1; 511
2; 519
3; 529
4; 537
5; 551
6; 567
7; 583
8; 597
9; 607
10; 616
11; 622
12; 628
13; 631
14; 633
15; 631
0; 620
1; 607
2; 595
3; 582
4; 572
5; 560
6; 551
7; 541
8; 533
9; 526
10; 516
11; 503
12; 489
13; 476
14; 464
15; 449
0; 438
1; 426
2; 415
3; 408
4; 403
5; 403
6; 403
7; 404
8; 408
9; 410
10; 413
11; 416
12; 419
13; 422
14; 422
15; 424
0; 428
1; 429
2; 432
3; 432
4; 435
5; 440
6; 444
7; 449
8; 454
9; 461
10; 469
11; 476
12; 479
13; 480
14; 481
15; 486
0; 491
1; 496
2; 497
3; 497
4; 495
5; 494
6; 496
7; 495
8; 493
9; 494
10; 494
11; 496
12; 497
13; 498
14; 496
15; 492
0; 493
1; 495
2; 496
3; 497
4; 499
5; 503
6; 507
7; 510
8; 511
9; 511
10; 512
11; 513
12; 516
13; 521
14; 519
15; 516
0; 517
1; 520
2; 520
3; 519
4; 517
5; 512
6; 510
7; 511
8; 512
9; 512
10; 512
11; 513
12; 513
13; 515
14; 517
15; 520
0; 523
1; 523
2; 522
3; 521
4; 521
5; 521
6; 523
7; 521
8; 521
9; 520
10; 523
11; 523
12; 521
13; 523
14; 527
15; 531
0; 534
1; 536
2; 536
3; 539
4; 542
5; 543
6; 544
7; 547
8; 547
9; 550
10; 553
11; 553
12; 556
13; 558
14; 558
15; 560
0; 564
1; 568
2; 568
3; 566
4; 568
5; 569
6; 570
7; 572
8; 569
9; 569
10; 564
11; 567
12; 565
13; 566
14; 570
15; 568
0; 567
1; 563
2; 562
3; 566
4; 565
5; 563
6; 559
7; 556
8; 556
9; 553
10; 555
11; 556
12; 555
13; 556
14; 555
15; 554
0; 551
1; 549
2; 549
3; 547
4; 545
5; 543
6; 541
7; 539
8; 536
9; 534
10; 530
11; 526
12; 522
13; 516
14; 511
15; 505
0; 501
1; 499
2; 496
3; 496
4; 495
5; 495
6; 496
7; 497
8; 496
9; 493
10; 489
11; 485
12; 480
13; 477
14; 475
15; 474
0; 471
1; 467
2; 466
3; 464
4; 464
5; 466
6; 467
7; 467
8; 465
9; 464
10; 468
11; 467
12; 466
13; 463
14; 461
15; 460
0; 458
1; 458
2; 460
3; 461
4; 461
5; 461
6; 460
7; 459
8; 457
9; 458
10; 456
11; 455
12; 453
13; 451
14; 453
15; 455
0; 456
1; 457
2; 457
3; 459
4; 459
5; 460
6; 455
7; 452
8; 451
9; 452
10; 454
11; 453
12; 455
13; 455
14; 454
15; 455
0; 455
1; 456
2; 457
3; 457
4; 458
5; 458
6; 461
7; 464
8; 466
9; 465
10; 463
11; 461
12; 459
13; 457
14; 457
15; 458
0; 462
1; 465
2; 465
3; 468
4; 471
5; 473
6; 474
7; 474
8; 474
9; 472
10; 472
11; 472
12; 472
13; 474
14; 472
15; 471
0; 471
1; 473
2; 475
3; 477
4; 480
5; 483
6; 484
7; 486
8; 486
9; 486
10; 487
11; 487
12; 488
13; 488
14; 488
15; 486
0; 483
1; 484
2; 483
3; 482
4; 485
5; 487
6; 490
7; 490
8; 492
9; 492
10; 493
11; 494
12; 492
13; 492
14; 491
15; 488
0; 486
1; 484
2; 485
3; 487
4; 489
5; 492
6; 494
7; 497
8; 497
9; 499
10; 499
11; 500
12; 505
13; 510
14; 510
15; 506
0; 501
1; 504
2; 507
3; 504
4; 505
5; 507
6; 511
7; 513
8; 506
9; 502
10; 497
11; 493
12; 493
13; 495
14; 495
15; 492
0; 489
1; 487
2; 484
3; 484
4; 484
5; 486
6; 486
7; 487
8; 489
9; 491
10; 492
11; 491
12; 488
13; 488
14; 483
15; 482
0; 483
1; 483
2; 484
3; 483
4; 481
5; 478
6; 474
7; 473
8; 474
9; 476
10; 474
11; 472
12; 470
13; 468
14; 468
15; 469
0; 466
1; 465
2; 467
3; 469
4; 472
5; 474
6; 475
7; 476
8; 476
9; 478
10; 481
11; 481
12; 478
13; 479
14; 481
15; 481
0; 480
1; 477
2; 480
3; 482
4; 489
5; 497
6; 496
7; 496
8; 496
9; 500
10; 500
11; 494
12; 486
13; 482
14; 478
15; 477
0; 478
1; 476
2; 473
3; 472
4; 473
5; 476
6; 480
7; 483
8; 490
9; 500
10; 505
11; 506
12; 507
13; 509
14; 512
15; 514
0; 519
1; 526
2; 535
3; 545
4; 551
5; 559
6; 565
7; 570
8; 574
9; 574
10; 572
11; 563
12; 554
13; 550
14; 545
15; 543
0; 539
1; 533
2; 528
3; 519
4; 510
5; 498
6; 484
7; 471
8; 458
9; 450
10; 438
11; 421
12; 413
13; 407
14; 408
15; 411
0; 412
1; 415
2; 419
3; 421
4; 424
5; 427
6; 427
7; 425
8; 428
9; 431
10; 436
11; 441
12; 444
13; 446
14; 447
15; 449
0; 454
1; 455
2; 456
3; 459
4; 461
5; 462
6; 462
7; 467
8; 475
9; 482
10; 490
11; 496
12; 498
13; 500
14; 502
15; 504
0; 502
1; 502
2; 503
3; 505
4; 505
5; 507
6; 511
7; 515
8; 517
9; 516
10; 513
11; 512
12; 513
13; 513
14; 512
15; 511
0; 512
1; 514
2; 514
3; 517
4; 515
5; 513
6; 513
7; 512
8; 515
9; 520
10; 525
11; 531
12; 536
13; 538
14; 537
15; 538
0; 536
1; 537
2; 537
3; 536
4; 536
5; 534
6; 536
7; 538
8; 537
9; 539
10; 542
11; 545
12; 550
13; 548
14; 548
15; 547
0; 541
1; 539
2; 540
3; 543
4; 544
5; 548
6; 552
7; 554
8; 558
9; 560
10; 557
11; 562
12; 564
13; 565
14; 566
15; 564
0; 562
1; 562
2; 563
3; 561
4; 558
5; 560
6; 561
7; 564
8; 567
9; 568
10; 571
11; 571
12; 572
13; 572
14; 575
15; 581
0; 586
1; 591
2; 593
3; 595
4; 599
5; 601
6; 600
7; 599
8; 596
9; 593
10; 591
11; 591
12; 591
13; 588
14; 588
15; 590
0; 592
1; 597
2; 598
3; 597
4; 596
5; 593
6; 590
7; 585
8; 585
9; 585
10; 585
11; 584
12; 584
13; 585
14; 583
15; 583
0; 583
1; 583
2; 582
3; 580
4; 579
5; 572
6; 567
7; 567
8; 563
9; 560
10; 560
11; 557
12; 555
13; 551
14; 551
15; 549
0; 545
1; 542
2; 538
3; 537
4; 535
5; 532
6; 530
7; 528
8; 527
9; 524
10; 517
11; 513
12; 510
13; 508
14; 504
15; 501
0; 498
1; 494
2; 493
3; 492
4; 493
5; 497
6; 499
7; 503
8; 502
9; 500
10; 499
11; 495
12; 492
13; 488
14; 489
15; 490
0; 489
1; 489
2; 487
3; 487
4; 488
5; 491
6; 495
7; 495
8; 494
9; 495
10; 493
11; 494
12; 493
13; 490
14; 492
15; 489
0; 490
1; 492
2; 493
3; 499
4; 500
5; 500
6; 498
7; 498
8; 498
9; 499
10; 500
11; 499
12; 498
13; 500
14; 499
15; 496
0; 491
1; 485
2; 484
3; 482
4; 484
5; 485
6; 487
7; 485
8; 481
9; 485
10; 490
11; 493
12; 495
13; 496
14; 499
15; 501
0; 505
1; 508
2; 503
3; 499
4; 500
5; 496
6; 491
7; 486
8; 486
9; 486
10; 484
11; 484
12; 482
13; 481
14; 480
15; 479
0; 480
1; 480
2; 482
3; 484
4; 484
5; 487
6; 487
7; 489
8; 492
9; 496
10; 499
11; 500
12; 500
13; 499
14; 499
15; 503
0; 504
1; 505
2; 504
3; 505
4; 505
5; 503
6; 502
7; 500
8; 500
9; 501
10; 502
11; 503
12; 502
13; 505
14; 510
15; 512
0; 514
1; 514
2; 511
3; 512
4; 515
5; 515
6; 515
7; 512
8; 513
9; 515
10; 516
11; 516
12; 512
13; 512
14; 512
15; 511
0; 510
1; 510
2; 511
3; 511
4; 511
5; 508
6; 506
7; 507
8; 508
9; 509
10; 510
11; 509
12; 509
13; 508
14; 505
15; 502
0; 498
1; 496
2; 495
3; 496
4; 495
5; 492
6; 491
7; 487
8; 486
9; 485
10; 484
11; 484
12; 484
13; 485
14; 486
15; 486
0; 487
1; 487
2; 490
3; 490
4; 487
5; 487
6; 483
7; 484
8; 483
9; 481
10; 481
11; 482
12; 480
13; 481
14; 484
15; 485
0; 482
1; 483
2; 485
3; 487
4; 487
5; 485
6; 485
7; 486
8; 484
9; 485
10; 483
11; 484
12; 483
13; 482
14; 482
15; 481
0; 481
1; 481
2; 479
3; 478
4; 474
5; 468
6; 463
7; 457
8; 452
9; 448
10; 451
11; 458
12; 467
13; 476
14; 481
15; 485
0; 484
1; 482
2; 481
3; 478
4; 477
5; 474
6; 471
7; 469
8; 469
9; 468
10; 468
11; 471
12; 479
13; 487
14; 493
15; 499
0; 504
1; 512
2; 520
3; 530
4; 539
5; 546
6; 553
7; 563
8; 574
9; 584
10; 596
11; 608
12; 614
13; 619
14; 627
15; 632
0; 637
1; 641
2; 636
3; 625
4; 614
5; 603
6; 591
7; 582
8; 571
9; 560
10; 551
11; 542
12; 533
13; 522
14; 509
15; 499
0; 487
1; 476
2; 461
3; 448
4; 439
5; 432
6; 429
7; 426
8; 423
9; 423
10; 423
11; 425
12; 426
13; 425
14; 425
15; 425
0; 429
1; 432
2; 435
3; 439
4; 442
5; 446
6; 449
7; 451
8; 454
9; 457
10; 461
11; 462
12; 464
13; 471
14; 474
15; 480
0; 484
1; 486
2; 487
3; 487
4; 489
5; 490
6; 491
7; 492
8; 494
9; 497
10; 498
11; 498
12; 499
13; 498
14; 498
15; 499
0; 499
1; 499
2; 501
3; 504
4; 504
5; 505
6; 507
7; 506
8; 506
9; 507
10; 507
11; 509
12; 509
13; 510
14; 512
15; 512
0; 513
1; 514
2; 515
3; 515
4; 513
5; 513
6; 512
7; 512
8; 512
9; 511
10; 513
11; 515
12; 517
13; 519
14; 519
15; 519
0; 519
1; 523
2; 524
3; 524
4; 524
5; 523
6; 524
7; 526
8; 528
9; 531
10; 531
11; 532
12; 533
13; 533
14; 534
15; 534
0; 534
1; 537
2; 538
3; 540
4; 542
5; 546
6; 548
7; 550
8; 551
9; 551
10; 552
11; 552
12; 551
13; 553
14; 554
15; 556
0; 559
1; 561
2; 565
3; 566
4; 566
5; 565
6; 564
7; 563
8; 559
9; 559
10; 561
11; 562
12; 563
13; 564
14; 568
15; 572
0; 572
1; 571
2; 570
3; 572
4; 573
5; 571
6; 570
7; 570
8; 569
9; 568
10; 567
11; 567
12; 567
13; 568
14; 567
15; 566
0; 566
1; 565
2; 563
3; 562
4; 560
5; 559
6; 558
7; 558
8; 556
9; 554
10; 553
11; 550
12; 548
13; 546
14; 542
15; 541
0; 536
1; 533
2; 532
3; 530
4; 528
5; 526
6; 524
7; 521
8; 519
9; 516
10; 514
11; 512
12; 511
13; 507
14; 505
15; 504
0; 504
1; 502
2; 499
3; 498
4; 496
5; 496
6; 495
7; 493
8; 491
9; 489
10; 487
11; 484
12; 481
13; 482
14; 481
15; 480
0; 480
1; 480
2; 479
3; 478
4; 478
5; 478
6; 477
7; 477
8; 476
9; 475
10; 472
11; 472
12; 474
13; 471
14; 469
15; 465
0; 464
1; 465
2; 467
3; 467
4; 465
5; 463
6; 464
7; 463
8; 464
9; 465
10; 467
11; 470
12; 471
13; 472
14; 472
15; 472
0; 472
1; 470
2; 468
3; 467
4; 466
5; 466
6; 466
7; 470
8; 473
9; 476
10; 479
11; 479
12; 479
13; 480
14; 480
15; 480
0; 479
1; 477
2; 477
3; 476
4; 475
5; 475
6; 476
7; 476
8; 479
9; 479
10; 479
11; 478
12; 478
13; 476
14; 477
15; 476
0; 476
1; 476
2; 476
3; 478
4; 478
5; 480
6; 480
7; 480
8; 482
9; 482
10; 483
11; 484
12; 483
13; 484
14; 484
15; 485
0; 484
1; 483
2; 483
3; 481
4; 480
5; 478
6; 476
7; 474
8; 472
9; 472
10; 472
11; 472
12; 474
13; 475
14; 476
15; 476
0; 476
1; 477
2; 478
3; 481
4; 484
5; 485
6; 486
7; 486
8; 489
9; 492
10; 493
11; 493
12; 491
13; 490
14; 489
15; 488
0; 488
1; 487
2; 487
3; 487
4; 488
5; 492
6; 494
7; 496
8; 498
9; 498
10; 500
11; 500
12; 501
13; 503
14; 504
15; 505
0; 504
1; 503
2; 501
3; 499
4; 498
5; 496
6; 494
7; 492
8; 490
9; 487
10; 485
11; 483
12; 481
13; 479
14; 478
15; 476
0; 475
1; 473
2; 472
3; 472
4; 471
5; 471
6; 470
7; 469
8; 468
9; 468
10; 466
11; 467
12; 467
13; 467
14; 467
15; 467
0; 470
1; 471
2; 470
3; 470
4; 470
5; 468
6; 468
7; 469
8; 469
9; 470
10; 470
11; 470
12; 470
13; 469
14; 469
15; 468
0; 467
1; 468
2; 467
3; 467
4; 464
5; 461
6; 460
7; 460
8; 460
9; 462
10; 462
11; 463
12; 464
13; 463
14; 463
15; 463
0; 462
1; 459
2; 458
3; 453
4; 449
5; 447
6; 443
7; 441
8; 440
9; 439
10; 439
11; 441
12; 441
13; 444
14; 447
15; 451
0; 455
1; 458
2; 464
3; 468
4; 473
5; 476
6; 480
7; 486
8; 492
9; 499
10; 505
11; 514
12; 524
13; 535
14; 550
15; 562
0; 575
1; 586
2; 593
3; 604
4; 610
5; 615
6; 621
7; 625
8; 628
9; 623
10; 612
11; 599
12; 586
13; 576
14; 568
15; 560
0; 551
1; 542
2; 533
3; 522
4; 512
5; 500
6; 487
7; 474
8; 459
9; 445
10; 431
11; 419
12; 413
13; 407
14; 403
15; 403
0; 404
1; 406
2; 408
3; 409
4; 410
5; 410
6; 412
7; 413
8; 419
9; 422
10; 426
11; 430
12; 433
13; 439
14; 444
15; 448
0; 452
1; 457
2; 462
3; 466
4; 470
5; 472
6; 474
7; 477
8; 479
9; 479
10; 480
11; 481
12; 486
13; 486
14; 485
15; 487
0; 489
1; 491
2; 491
3; 492
4; 496
5; 497
6; 499
7; 502
8; 503
9; 504
10; 505
11; 504
12; 504
13; 505
14; 506
15; 506
0; 506
1; 508
2; 508
3; 509
4; 509
5; 508
6; 507
7; 508
8; 508
9; 507
10; 510
11; 511
12; 509
13; 511
14; 512
15; 514
0; 514
1; 515
2; 516
3; 517
4; 519
5; 521
6; 523
7; 525
8; 525
9; 526
10; 527
11; 526
12; 528
13; 527
14; 529
15; 530
0; 531
1; 533
2; 534
3; 536
4; 537
5; 536
6; 540
7; 540
8; 543
9; 545
10; 545
11; 546
12; 546
13; 548
14; 550
15; 550
0; 551
1; 553
2; 556
3; 556
4; 557
5; 560
6; 560
7; 563
8; 566
9; 568
10; 568
11; 569
12; 572
13; 573
14; 573
15; 575
0; 575
1; 577
2; 577
3; 577
4; 578
5; 579
6; 580
7; 580
8; 580
9; 582
10; 581
11; 579
12; 579
13; 577
14; 575
15; 574
0; 571
1; 571
2; 569
3; 570
4; 569
5; 572
6; 572
7; 569
8; 566
9; 561
10; 561
11; 560
12; 558
13; 554
14; 551
15; 548
0; 543
1; 537
2; 537
3; 537
4; 539
5; 540
6; 540
7; 539
8; 538
9; 536
10; 533
11; 530
12; 528
13; 524
14; 523
15; 520
0; 516
1; 514
2; 511
3; 509
4; 507
5; 504
6; 504
7; 503
8; 503
9; 501
10; 499
11; 498
12; 495
13; 495
14; 494
15; 494
0; 494
1; 492
2; 493
3; 492
4; 492
5; 491
6; 488
7; 488
8; 487
9; 487
10; 487
11; 485
12; 484
13; 484
14; 483
15; 483
0; 480
1; 482
2; 482
3; 482
4; 484
5; 482
6; 482
7; 481
8; 480
9; 482
10; 481
11; 483
12; 484
13; 483
14; 485
15; 484
0; 484
1; 483
2; 483
3; 482
4; 481
5; 482
6; 481
7; 481
8; 483
9; 485
10; 485
11; 484
12; 482
13; 483
14; 482
15; 483
0; 484
1; 482
2; 481
3; 481
4; 483
5; 484
6; 483
7; 483
8; 484
9; 485
10; 486
11; 486
12; 486
13; 487
14; 487
15; 487
0; 486
1; 488
2; 489
3; 488
4; 486
5; 484
6; 485
7; 486
8; 488
9; 488
10; 489
11; 491
12; 489
13; 488
14; 489
15; 490
0; 493
1; 494
2; 494
3; 492
4; 492
5; 494
6; 493
7; 495
8; 496
9; 496
10; 497
11; 497
12; 497
13; 497
14; 496
15; 497
0; 499
1; 499
2; 499
3; 499
4; 499
5; 498
6; 499
7; 498
8; 499
9; 499
10; 500
11; 502
12; 504
13; 505
14; 508
15; 510
0; 511
1; 512
2; 513
3; 516
4; 517
5; 518
6; 516
7; 519
8; 520
9; 519
10; 519
11; 519
12; 518
13; 519
14; 518
15; 518
0; 517
1; 516
2; 518
3; 517
4; 519
5; 519
6; 518
7; 521
8; 519
9; 520
10; 521
11; 518
12; 517
13; 516
14; 517
15; 516
0; 515
1; 513
2; 512
3; 511
4; 508
5; 506
6; 504
7; 502
8; 501
9; 498
10; 495
11; 495
12; 493
13; 492
14; 492
15; 489
0; 491
1; 490
2; 490
3; 488
4; 484
5; 485
6; 484
7; 484
8; 486
9; 485
10; 487
11; 487
12; 489
13; 490
14; 492
15; 493
0; 491
1; 490
2; 489
3; 487
4; 488
5; 487
6; 488
7; 491
8; 488
9; 488
10; 487
11; 489
12; 489
13; 490
14; 492
15; 490
0; 491
1; 492
2; 492
3; 494
4; 493
5; 493
6; 494
7; 495
8; 495
9; 492
10; 492
11; 491
12; 491
13; 493
14; 492
15; 491
0; 490
1; 486
2; 486
3; 483
4; 481
5; 478
6; 477
7; 477
8; 475
9; 474
10; 472
11; 471
12; 472
13; 475
14; 480
15; 484
0; 488
1; 496
2; 502
3; 509
4; 517
5; 526
6; 535
7; 544
8; 556
9; 566
10; 574
11; 588
12; 598
13; 608
14; 618
15; 625
0; 631
1; 636
2; 643
3; 647
4; 647
5; 640
6; 626
7; 613
8; 601
9; 589
10; 579
11; 568
12; 560
13; 552
14; 542
15; 533
0; 519
1; 508
2; 494
3; 480
4; 465
5; 448
6; 437
7; 427
8; 419
9; 414
10; 410
11; 410
12; 410
13; 412
14; 413
15; 413
0; 415
1; 417
2; 421
3; 427
4; 432
5; 439
6; 443
7; 444
8; 449
9; 453
10; 461
11; 467
12; 471
13; 477
14; 481
15; 485
0; 489
1; 493
2; 496
3; 499
4; 503
5; 504
6; 506
7; 511
8; 511
9; 514
10; 514
11; 514
12; 516
13; 518
14; 520
15; 521
0; 520
1; 523
2; 524
3; 526
4; 526
5; 525
6; 526
7; 528
8; 530
9; 531
10; 529
11; 529
12; 527
13; 530
14; 531
15; 531
0; 531
1; 531
2; 531
3; 530
4; 531
5; 532
6; 532
7; 534
8; 535
9; 536
10; 537
11; 538
12; 540
13; 536
14; 536
15; 537
0; 538
1; 536
2; 540
3; 541
4; 543
5; 542
6; 543
7; 544
8; 545
9; 546
10; 547
11; 547
12; 547
13; 548
14; 550
15; 551
0; 553
1; 553
2; 554
3; 556
4; 557
5; 560
6; 562
7; 563
8; 564
9; 567
10; 570
11; 572
12; 574
13; 576
14; 577
15; 580
0; 581
1; 580
2; 583
3; 585
4; 588
5; 589
6; 592
7; 595
8; 596
9; 598
10; 598
11; 600
12; 602
13; 605
14; 604
15; 603
0; 604
1; 605
2; 605
3; 606
4; 605
5; 603
6; 603
7; 603
8; 603
9; 600
10; 600
11; 600
12; 599
13; 598
14; 598
15; 596
0; 593
1; 590
2; 589
3; 588
4; 585
5; 583
6; 581
7; 579
8; 579
9; 576
10; 573
11; 571
12; 569
13; 567
14; 563
15; 561
0; 558
1; 555
2; 551
3; 547
4; 543
5; 538
6; 534
7; 534
8; 532
9; 531
10; 529
11; 527
12; 523
13; 518
14; 518
15; 515
0; 511
1; 511
2; 508
3; 505
4; 504
5; 503
6; 500
7; 497
8; 497
9; 495
10; 494
11; 492
12; 489
13; 489
14; 487
15; 486
0; 484
1; 482
2; 481
3; 480
4; 480
5; 479
6; 477
7; 477
8; 476
9; 477
10; 476
11; 475
12; 473
13; 472
14; 474
15; 474
0; 472
1; 473
2; 473
3; 474
4; 473
5; 472
6; 471
7; 470
8; 472
9; 473
10; 472
11; 473
12; 472
13; 473
14; 473
15; 472
0; 472
1; 471
2; 473
3; 472
4; 472
5; 472
6; 472
7; 472
8; 472
9; 472
10; 475
11; 476
12; 476
13; 477
14; 478
15; 479
0; 478
1; 479
2; 478
3; 476
4; 477
5; 476
6; 477
7; 477
8; 477
9; 476
10; 477
11; 478
12; 478
13; 479
14; 480
15; 477
0; 477
1; 476
2; 474
3; 476
4; 477
5; 479
6; 479
7; 479
8; 480
9; 479
10; 479
11; 478
12; 477
13; 478
14; 478
15; 478
0; 478
1; 479
2; 480
3; 479
4; 480
5; 480
6; 481
7; 482
8; 479
9; 480
10; 482
11; 484
12; 487
13; 487
14; 489
15; 491
0; 492
1; 494
2; 492
3; 492
4; 492
5; 489
6; 492
7; 492
8; 493
9; 495
10; 495
11; 497
12; 499
13; 501
14; 503
15; 504
0; 505
1; 505
2; 507
3; 507
4; 507
5; 508
6; 507
7; 508
8; 507
9; 505
10; 504
11; 503
12; 503
13; 503
14; 504
15; 505
0; 506
1; 508
2; 508
3; 508
4; 508
5; 507
6; 507
7; 506
8; 505
9; 507
10; 507
11; 507
12; 506
13; 505
14; 503
15; 502
0; 500
1; 497
2; 494
3; 494
4; 492
5; 491
6; 489
7; 487
8; 487
9; 485
10; 484
11; 482
12; 479
13; 479
14; 477
15; 478
0; 478
1; 478
2; 477
3; 478
4; 480
5; 481
6; 481
7; 481
8; 479
9; 479
10; 480
11; 481
12; 483
13; 481
14; 483
15; 484
0; 483
1; 485
2; 487
3; 489
4; 489
5; 488
6; 487
7; 485
8; 486
9; 487
10; 488
11; 489
12; 490
13; 492
14; 492
15; 491
0; 491
1; 489
2; 491
3; 492
4; 492
5; 493
6; 492
7; 493
8; 492
9; 491
10; 489
11; 487
12; 487
13; 486
14; 484
15; 482
0; 477
1; 473
2; 470
3; 468
4; 467
5; 464
6; 463
7; 462
8; 462
9; 464
10; 465
11; 468
12; 474
13; 478
14; 486
15; 492
0; 500
1; 507
2; 514
3; 524
4; 533
5; 545
6; 558
7; 569
8; 581
9; 593
10; 605
11; 613
12; 622
13; 630
14; 636
15; 643
0; 645
1; 641
2; 631
3; 617
4; 606
5; 592
6; 581
7; 571
8; 562
9; 554
10; 546
11; 536
12; 524
13; 509
14; 497
15; 482
0; 467
1; 452
2; 433
3; 422
4; 414
5; 408
6; 406
7; 405
8; 407
9; 407
10; 409
11; 412
12; 412
13; 415
14; 416
15; 418
0; 421
1; 424
2; 430
3; 434
4; 439
5; 444
6; 448
7; 455
8; 461
9; 467
10; 471
11; 473
12; 479
13; 485
14; 488
15; 492
0; 494
1; 496
2; 496
3; 500
4; 502
5; 502
6; 505
7; 507
8; 507
9; 509
10; 510
11; 512
12; 512
13; 512
14; 514
15; 517
0; 519
1; 521
2; 522
3; 523
4; 523
5; 524
6; 525
7; 527
8; 529
9; 528
10; 529
11; 529
12; 530
13; 532
14; 531
15; 532
0; 530
1; 530
2; 531
3; 532
4; 536
5; 536
6; 534
7; 533
8; 531
9; 533
10; 533
11; 534
12; 536
13; 536
14; 537
15; 539
0; 537
1; 538
2; 539
3; 539
4; 539
5; 540
6; 543
7; 543
8; 546
9; 547
10; 547
11; 547
12; 548
13; 551
14; 551
15; 552
0; 554
1; 554
2; 555
3; 555
4; 555
5; 557
6; 560
7; 563
8; 565
9; 565
10; 568
11; 570
12; 572
13; 572
14; 574
15; 578
0; 579
1; 583
2; 586
3; 588
4; 591
5; 591
6; 594
7; 597
8; 596
9; 598
10; 600
11; 604
12; 604
13; 603
14; 601
15; 599
0; 600
1; 600
2; 600
3; 600
4; 598
5; 598
6; 597
7; 598
8; 598
9; 595
10; 596
11; 593
12; 592
13; 590
14; 587
15; 586
0; 585
1; 581
2; 581
3; 575
4; 573
5; 568
6; 566
7; 565
8; 560
9; 559
10; 557
11; 553
12; 553
13; 552
14; 552
15; 549
0; 544
1; 540
2; 536
3; 532
4; 529
5; 524
6; 523
7; 520
8; 519
9; 516
10; 513
11; 512
12; 511
13; 511
14; 511
15; 508
0; 501
1; 497
2; 497
3; 496
4; 495
5; 493
6; 490
7; 492
8; 492
9; 489
10; 490
11; 487
12; 485
13; 483
14; 481
15; 483
0; 483
1; 483
2; 481
3; 481
4; 479
5; 476
6; 473
7; 473
8; 473
9; 474
10; 473
11; 475
12; 474
13; 472
14; 472
15; 472
0; 472
1; 469
2; 466
3; 468
4; 469
5; 470
6; 466
7; 465
8; 467
9; 467
10; 468
11; 468
12; 469
13; 471
14; 472
15; 474
0; 473
1; 473
2; 473
3; 472
4; 468
5; 469
6; 471
7; 472
8; 472
9; 475
10; 475
11; 474
12; 473
13; 473
14; 473
15; 472
0; 472
1; 476
2; 475
3; 476
4; 477
5; 480
6; 480
7; 480
8; 481
9; 480
10; 481
11; 483
12; 482
13; 480
14; 476
15; 472
0; 472
1; 476
2; 480
3; 480
4; 480
5; 482
6; 484
7; 484
8; 483
9; 484
10; 485
11; 484
12; 485
13; 488
14; 492
15; 494
0; 491
1; 490
2; 492
3; 489
4; 489
5; 488
6; 489
7; 488
8; 488
9; 489
10; 489
11; 489
12; 491
13; 492
14; 491
15; 490
0; 492
1; 494
2; 496
3; 498
4; 500
5; 501
6; 504
7; 507
8; 507
9; 503
10; 503
11; 507
12; 511
13; 512
14; 510
15; 511
0; 511
1; 508
2; 506
3; 503
4; 503
5; 504
6; 503
7; 504
8; 505
9; 512
10; 519
11; 520
12; 515
13; 511
14; 515
15; 518
0; 518
1; 517
2; 511
3; 505
4; 503
5; 502
6; 502
7; 499
8; 500
9; 499
10; 497
11; 494
12; 488
13; 488
14; 490
15; 492
0; 493
1; 489
2; 488
3; 490
4; 491
5; 489
6; 488
7; 492
8; 492
9; 491
10; 494
11; 492
12; 491
13; 490
14; 489
15; 489
0; 487
1; 486
2; 483
3; 481
4; 482
5; 482
6; 484
7; 484
8; 485
9; 484
10; 483
11; 485
12; 484
13; 484
14; 485
15; 484
0; 484
1; 485
2; 482
3; 483
4; 486
5; 491
6; 493
7; 492
8; 491
9; 491
10; 497
11; 496
12; 498
13; 503
14; 500
15; 493
0; 487
1; 485
2; 481
3; 484
4; 488
5; 489
6; 484
7; 474
8; 471
9; 475
10; 473
11; 474
12; 477
13; 467
14; 461
15; 462
0; 463
1; 468
2; 472
3; 476
4; 480
5; 489
6; 494
7; 494
8; 498
9; 508
10; 518
11; 528
12; 536
13; 547
14; 557
15; 564
0; 572
1; 582
2; 595
3; 605
4; 616
5; 625
6; 631
7; 635
8; 633
9; 622
10; 611
11; 600
12; 594
13; 589
14; 580
15; 572
0; 564
1; 558
2; 549
3; 536
4; 528
5; 515
6; 500
7; 486
8; 471
9; 455
10; 443
11; 435
12; 426
13; 424
14; 423
15; 419
0; 423
1; 427
2; 428
3; 434
4; 439
5; 438
6; 433
7; 432
8; 425
9; 418
10; 424
11; 429
12; 435
13; 440
14; 449
15; 462
0; 468
1; 470
2; 476
3; 475
4; 479
5; 489
6; 496
7; 501
8; 502
9; 502
10; 497
11; 503
12; 510
13; 511
14; 509
15; 505
0; 501
1; 497
2; 497
3; 501
4; 502
5; 506
6; 510
7; 507
8; 508
9; 511
10; 514
11; 517
12; 515
13; 515
14; 515
15; 516
0; 519
1; 523
2; 526
3; 524
4; 528
5; 531
6; 530
7; 527
8; 523
9; 525
10; 525
11; 524
12; 527
13; 526
14; 528
15; 525
0; 521
1; 523
2; 521
3; 519
4; 517
5; 515
6; 517
7; 519
8; 523
9; 530
10; 536
11; 536
12; 534
13; 531
14; 532
15; 536
0; 544
1; 548
2; 547
3; 544
4; 543
5; 548
6; 549
7; 548
8; 548
9; 541
10; 541
11; 546
12; 545
13; 544
14; 544
15; 548
0; 549
1; 551
2; 559
3; 561
4; 563
5; 564
6; 565
7; 569
8; 566
9; 566
10; 570
11; 569
12; 567
13; 571
14; 583
15; 590
0; 595
1; 597
2; 593
3; 590
4; 592
5; 593
6; 595
7; 594
8; 596
9; 592
10; 589
11; 593
12; 593
13; 596
14; 598
15; 598
0; 592
1; 581
2; 581
3; 587
4; 587
5; 583
6; 573
7; 568
8; 569
9; 568
10; 568
11; 564
12; 563
13; 559
14; 552
15; 553
0; 550
1; 547
2; 551
3; 550
4; 544
5; 534
6; 531
7; 531
8; 529
9; 525
10; 518
11; 517
12; 514
13; 510
14; 512
15; 518
0; 520
1; 513
2; 508
3; 504
4; 501
5; 504
6; 505
7; 507
8; 508
9; 500
10; 499
11; 499
12; 497
13; 495
14; 496
15; 496
0; 495
1; 494
2; 496
3; 496
4; 491
5; 486
6; 486
7; 491
8; 487
9; 487
10; 485
11; 483
12; 485
13; 487
14; 491
15; 488
0; 487
1; 482
2; 478
3; 481
4; 481
5; 478
6; 477
7; 476
8; 475
9; 474
10; 475
11; 476
12; 476
13; 477
14; 479
15; 478
0; 476
1; 473
2; 476
3; 477
4; 477
5; 481
6; 484
7; 486
8; 483
9; 485
10; 486
11; 484
12; 484
13; 484
14; 485
15; 487
0; 487
1; 487
2; 487
3; 487
4; 487
5; 484
6; 483
7; 482
8; 479
9; 476
10; 472
11; 473
12; 473
13; 472
14; 474
15; 478
0; 483
1; 483
2; 484
3; 485
4; 486
5; 492
6; 492
7; 494
8; 495
9; 493
10; 494
11; 495
12; 495
13; 498
14; 497
15; 497
0; 495
1; 495
2; 498
3; 494
4; 495
5; 494
6; 491
7; 494
8; 495
9; 494
10; 493
11; 492
12; 489
13; 484
14; 483
15; 485
0; 487
1; 488
2; 489
3; 490
4; 491
5; 495
6; 499
7; 504
8; 510
9; 512
10; 509
11; 507
12; 504
13; 504
14; 503
15; 506
0; 508
1; 507
2; 508
3; 507
4; 505
5; 503
6; 503
7; 503
8; 501
9; 498
10; 499
11; 503
12; 507
13; 504
14; 503
15; 504
0; 504
1; 506
2; 507
3; 509
4; 510
5; 510
6; 509
7; 508
8; 505
9; 505
10; 502
11; 501
12; 497
13; 495
14; 494
15; 492
0; 491
1; 489
2; 489
3; 492
4; 495
5; 496
6; 496
7; 495
8; 497
9; 496
10; 494
11; 490
12; 487
13; 489
14; 491
15; 493
0; 491
1; 487
2; 486
3; 483
4; 484
5; 485
6; 486
7; 486
8; 488
9; 493
10; 492
11; 491
12; 493
13; 492
14; 495
15; 493
0; 489
1; 485
2; 484
3; 486
4; 486
5; 486
6; 487
7; 485
8; 484
9; 483
10; 486
11; 489
12; 487
13; 486
14; 482
15; 480
0; 481
1; 483
2; 485
3; 483
4; 481
5; 480
6; 478
7; 476
8; 476
9; 476
10; 473
11; 471
12; 470
13; 468
14; 467
15; 467
0; 466
1; 467
2; 472
3; 472
4; 475
5; 476
6; 480
7; 482
8; 485
9; 493
10; 501
11; 512
12; 521
13; 531
14; 542
15; 550
0; 561
1; 571
2; 582
3; 595
4; 607
5; 617
6; 622
7; 628
8; 636
9; 640
10; 643
11; 639
12; 628
13; 618
14; 607
15; 599
0; 592
1; 586
2; 580
3; 572
4; 563
5; 555
6; 545
7; 531
8; 519
9; 508
10; 498
11; 489
12; 477
13; 463
14; 453
15; 444
0; 436
1; 429
2; 428
3; 432
4; 432
5; 434
6; 438
7; 434
8; 435
9; 436
10; 436
11; 438
12; 439
13; 441
14; 442
15; 443
0; 444
1; 445
2; 451
3; 456
4; 462
5; 466
6; 470
7; 475
8; 478
9; 482
10; 486
11; 488
12; 491
13; 494
14; 496
15; 497
0; 498
1; 500
2; 501
3; 501
4; 502
5; 502
6; 504
7; 505
8; 504
9; 505
10; 507
11; 508
12; 508
13; 508
14; 510
15; 510
0; 512
1; 511
2; 510
3; 510
4; 511
5; 515
6; 515
7; 515
8; 517
9; 517
10; 518
11; 518
12; 518
13; 520
14; 521
15; 524
0; 526
1; 526
2; 526
3; 524
4; 524
5; 524
6; 524
7; 525
8; 525
9; 526
10; 526
11; 526
12; 529
13; 528
14; 527
15; 525
0; 526
1; 528
2; 531
3; 532
4; 529
5; 526
6; 527
7; 527
8; 529
9; 530
10; 534
11; 539
12; 541
13; 544
14; 544
15; 546
0; 548
1; 548
2; 547
3; 546
4; 546
5; 546
6; 549
7; 553
8; 553
9; 553
10; 555
11; 558
12; 561
13; 564
14; 566
15; 569
0; 571
1; 571
2; 569
3; 569
4; 570
5; 568
6; 567
7; 566
8; 563
9; 568
10; 571
11; 573
12; 572
13; 573
14; 573
15; 574
0; 573
1; 572
2; 573
3; 571
4; 567
5; 566
6; 564
7; 563
8; 563
9; 563
10; 563
11; 563
12; 562
13; 560
14; 557
15; 555
0; 553
1; 554
2; 554
3; 552
4; 552
5; 549
6; 544
7; 542
8; 537
9; 536
10; 533
11; 530
12; 528
13; 524
14; 521
15; 521
0; 521
1; 520
2; 519
3; 521
4; 520
5; 519
6; 515
7; 510
8; 508
9; 505
10; 503
11; 503
12; 500
13; 500
14; 498
15; 497
0; 495
1; 493
2; 492
3; 492
4; 494
5; 495
6; 493
7; 494
8; 492
9; 490
10; 490
11; 487
12; 487
13; 484
14; 481
15; 479
0; 481
1; 486
2; 489
3; 488
4; 488
5; 485
6; 487
7; 488
8; 487
9; 487
10; 486
11; 487
12; 486
13; 483
14; 483
15; 483
0; 484
1; 483
2; 482
3; 484
4; 486
5; 487
6; 487
7; 486
8; 488
9; 488
10; 489
11; 487
12; 488
13; 489
14; 490
15; 489
0; 491
1; 492
2; 491
3; 491
4; 491
5; 490
6; 490
7; 492
8; 492
9; 489
10; 489
11; 490
12; 490
13; 488
14; 490
15; 489
0; 489
1; 490
2; 489
3; 488
4; 487
5; 486
6; 483
7; 487
8; 490
9; 488
10; 488
11; 490
12; 492
13; 492
14; 492
15; 494
0; 495
1; 493
2; 494
3; 496
4; 498
5; 503
6; 505
7; 506
8; 507
9; 507
10; 507
11; 507
12; 506
13; 501
14; 498
15; 499
0; 499
1; 499
2; 499
3; 500
4; 504
5; 507
6; 510
7; 508
8; 506
9; 508
10; 510
11; 513
12; 514
13; 513
14; 511
15; 508
0; 507
1; 506
2; 506
3; 509
4; 510
5; 510
6; 510
7; 512
8; 515
9; 513
10; 514
11; 514
12; 514
13; 514
14; 512
15; 510
0; 511
1; 512
2; 512
3; 514
4; 515
5; 515
6; 516
7; 517
8; 518
9; 516
10; 516
11; 514
12; 513
13; 511
14; 511
15; 509
0; 507
1; 505
2; 503
3; 504
4; 503
5; 501
6; 501
7; 498
8; 496
9; 494
10; 491
11; 487
12; 484
13; 483
14; 483
15; 483
0; 485
1; 486
2; 487
3; 489
4; 490
5; 492
6; 493
7; 495
8; 494
9; 493
10; 494
11; 493
12; 493
13; 488
14; 485
15; 486
0; 487
1; 490
2; 490
3; 491
4; 490
5; 489
6; 490
7; 490
8; 491
9; 491
10; 491
11; 492
12; 492
13; 492
14; 492
15; 492
0; 492
1; 490
2; 487
3; 486
4; 484
5; 488
6; 493
7; 495
8; 496
9; 494
10; 493
11; 491
12; 488
13; 486
14; 484
15; 484
0; 482
1; 479
2; 478
3; 475
4; 471
5; 471
6; 471
7; 472
8; 472
9; 473
10; 475
11; 477
12; 479
13; 483
14; 491
15; 497
0; 503
1; 510
2; 516
3; 526
4; 532
5; 540
6; 549
7; 559
8; 572
9; 580
10; 591
11; 603
12; 612
13; 622
14; 628
15; 632
0; 636
1; 640
2; 643
3; 640
4; 631
5; 621
6; 610
7; 602
8; 593
9; 585
10; 578
11; 572
12; 564
13; 557
14; 546
15; 531
0; 516
1; 504
2; 493
3; 479
4; 467
5; 455
6; 449
7; 443
8; 438
9; 436
10; 435
11; 435
12; 436
13; 437
14; 439
15; 439
0; 439
1; 440
2; 440
3; 442
4; 445
5; 451
6; 455
7; 460
8; 464
9; 466
10; 469
11; 472
12; 476
13; 480
14; 482
15; 486
0; 487
1; 488
2; 488
3; 490
4; 494
5; 495
6; 497
7; 499
8; 501
9; 504
10; 507
11; 509
12; 510
13; 510
14; 509
15; 511
0; 512
1; 512
2; 513
3; 513
4; 516
5; 512
6; 512
7; 512
8; 515
9; 516
10; 514
11; 515
12; 515
13; 518
14; 519
15; 521
0; 522
1; 522
2; 524
3; 525
4; 525
5; 524
6; 522
7; 522
8; 522
9; 521
10; 523
11; 524
12; 527
13; 527
14; 527
15; 527
0; 525
1; 525
2; 526
3; 527
4; 527
5; 527
6; 528
7; 531
8; 534
9; 537
10; 537
11; 538
12; 538
13; 538
14; 540
15; 542
0; 544
1; 544
2; 543
3; 543
4; 541
5; 541
6; 543
7; 547
8; 548
9; 549
10; 550
11; 552
12; 556
13; 558
14; 558
15; 559
0; 561
1; 563
2; 566
3; 567
4; 570
5; 570
6; 572
7; 573
8; 572
9; 574
10; 575
11; 575
12; 576
13; 575
14; 577
15; 579
0; 582
1; 583
2; 581
3; 580
4; 580
5; 580
6; 580
7; 577
8; 575
9; 574
10; 574
11; 572
12; 568
13; 566
14; 564
15; 564
0; 563
1; 561
2; 560
3; 559
4; 556
5; 556
6; 552
7; 551
8; 549
9; 547
10; 545
11; 543
12; 542
13; 539
14; 538
15; 537
0; 537
1; 540
2; 540
3; 539
4; 537
5; 533
6; 531
7; 526
8; 524
9; 524
10; 521
11; 520
12; 518
13; 516
14; 515
15; 512
0; 511
1; 508
2; 507
3; 505
4; 502
5; 503
6; 503
7; 501
8; 500
9; 498
10; 497
11; 496
12; 495
13; 495
14; 492
15; 493
0; 492
1; 492
2; 491
3; 488
4; 489
5; 487
6; 487
7; 488
8; 488
9; 490
10; 490
11; 491
12; 492
13; 490
14; 490
15; 487
0; 488
1; 488
2; 487
3; 487
4; 489
5; 490
6; 491
7; 490
8; 491
9; 489
10; 488
11; 489
12; 487
13; 486
14; 485
15; 485
0; 485
1; 485
2; 486
3; 486
4; 486
5; 487
6; 487
7; 488
8; 487
9; 487
10; 487
11; 486
12; 487
13; 487
14; 488
15; 488
0; 487
1; 488
2; 487
3; 484
4; 484
5; 485
6; 487
7; 487
8; 485
9; 487
10; 488
11; 491
12; 491
13; 489
14; 489
15; 487
0; 490
1; 491
2; 488
3; 488
4; 488
5; 490
6; 490
7; 489
8; 491
9; 492
10; 495
11; 495
12; 495
13; 497
14; 498
15; 499
0; 500
1; 500
2; 502
3; 503
4; 503
5; 503
6; 503
7; 504
8; 504
9; 502
10; 502
11; 501
12; 500
13; 498
14; 499
15; 499
0; 499
1; 499
2; 498
3; 500
4; 501
5; 501
6; 502
7; 503
8; 506
9; 508
10; 509
11; 510
12; 510
13; 512
14; 513
15; 513
0; 515
1; 513
2; 513
3; 513
4; 515
5; 515
6; 513
7; 515
8; 513
9; 512
10; 512
11; 511
12; 511
13; 511
14; 510
15; 511
0; 510
1; 511
2; 510
3; 509
4; 510
5; 510
6; 512
7; 511
8; 509
9; 508
10; 507
11; 507
12; 504
13; 503
14; 500
15; 498
0; 497
1; 495
2; 494
3; 493
4; 491
5; 492
6; 491
7; 491
8; 489
9; 487
10; 488
11; 487
12; 486
13; 486
14; 484
15; 486
0; 484
1; 483
2; 482
3; 480
4; 480
5; 480
6; 481
7; 482
8; 482
9; 484
10; 483
11; 483
12; 484
13; 482
14; 482
15; 483
0; 486
1; 487
2; 488
3; 488
4; 489
5; 489
6; 489
7; 488
8; 490
9; 489
10; 490
11; 492
12; 492
13; 492
14; 492
15; 492
0; 491
1; 488
2; 488
3; 488
4; 488
5; 488
6; 487
7; 489
8; 488
9; 486
10; 487
11; 484
12; 483
13; 480
14; 477
15; 475
0; 472
1; 472
2; 471
3; 471
4; 472
5; 473
6; 477
7; 478
8; 480
9; 485
10; 490
11; 496
12; 500
13; 508
14; 515
15; 522
0; 533
1; 543
2; 552
3; 562
4; 571
5; 583
6; 594
7; 603
8; 611
9; 616
10; 624
11; 628
12; 634
13; 640
14; 641
15; 637
0; 625
1; 611
2; 600
3; 587
4; 578
5; 567
6; 559
7; 551
8; 543
9; 536
10; 526
11; 513
12; 501
13; 489
14; 478
15; 460
0; 445
1; 434
2; 426
3; 423
4; 420
5; 419
6; 420
7; 420
8; 421
9; 421
10; 423
11; 426
12; 428
13; 432
14; 435
15; 439
0; 444
1; 447
2; 451
3; 456
4; 460
5; 465
6; 467
7; 472
8; 475
9; 478
10; 482
11; 484
12; 488
13; 490
14; 491
15; 494
0; 494
1; 497
2; 498
3; 499
4; 499
5; 499
6; 501
7; 501
8; 502
9; 504
10; 504
11; 505
12; 505
13; 506
14; 507
15; 507
0; 508
1; 508
2; 508
3; 508
4; 508
5; 512
6; 511
7; 510
8; 508
9; 509
10; 509
11; 510
12; 510
13; 512
14; 513
15; 515
0; 516
1; 516
2; 518
3; 518
4; 519
5; 519
6; 518
7; 520
8; 521
9; 523
10; 522
11; 522
12; 522
13; 521
14; 523
15; 526
0; 527
1; 528
2; 528
3; 531
4; 531
5; 531
6; 531
7; 531
8; 532
9; 532
10; 534
11; 536
12; 536
13; 539
14; 539
15; 539
0; 540
1; 540
2; 543
3; 543
4; 542
5; 545
6; 545
7; 547
8; 547
9; 548
10; 550
11; 549
12; 549
13; 551
14; 555
15; 558
0; 559
1; 562
2; 563
3; 566
4; 568
5; 568
6; 571
7; 572
8; 572
9; 572
10; 571
11; 573
12; 572
13; 572
14; 572
15; 572
0; 571
1; 573
2; 573
3; 573
4; 571
5; 572
6; 570
7; 568
8; 568
9; 566
10; 567
11; 565
12; 566
13; 567
14; 566
15; 565
0; 564
1; 563
2; 562
3; 558
4; 556
5; 555
6; 551
7; 548
8; 545
9; 542
10; 536
11; 530
12; 530
13; 528
14; 526
15; 524
0; 523
1; 523
2; 522
3; 521
4; 519
5; 516
6; 513
7; 510
8; 508
9; 503
10; 498
11; 493
12; 488
13; 487
14; 483
15; 481
0; 481
1; 479
2; 480
3; 478
4; 477
5; 478
6; 475
7; 475
8; 474
9; 473
10; 474
11; 473
12; 474
13; 474
14; 473
15; 472
0; 468
1; 470
2; 470
3; 469
4; 470
5; 470
6; 470
7; 470
8; 469
9; 470
10; 468
11; 468
12; 467
13; 466
14; 465
15; 464
0; 463
1; 465
2; 465
3; 465
4; 465
5; 465
6; 467
7; 469
8; 470
9; 470
10; 472
11; 468
12; 467
13; 468
14; 467
15; 468
0; 467
1; 467
2; 469
3; 470
4; 472
5; 472
6; 472
7; 472
8; 471
9; 472
10; 470
11; 471
12; 470
13; 469
14; 471
15; 469
0; 468
1; 469
2; 469
3; 470
4; 469
5; 470
6; 472
7; 472
8; 472
9; 472
10; 473
11; 472
12; 471
13; 471
14; 472
15; 472
0; 472
1; 471
2; 470
3; 471
4; 471
5; 473
6; 474
7; 476
8; 476
9; 476
10; 476
11; 476
12; 477
13; 477
14; 478
15; 480
0; 479
1; 480
2; 479
3; 478
4; 479
5; 480
6; 482
7; 483
8; 482
9; 482
10; 483
11; 484
12; 484
13; 484
14; 484
15; 482
0; 484
1; 482
2; 481
3; 483
4; 484
5; 485
6; 487
7; 489
8; 493
9; 495
10; 497
11; 499
12; 500
13; 503
14; 502
15; 504
0; 502
1; 500
2; 502
3; 500
4; 501
5; 500
6; 499
7; 499
8; 497
9; 498
10; 498
11; 498
12; 502
13; 503
14; 505
15; 505
0; 504
1; 504
2; 504
3; 505
4; 503
5; 501
6; 501
7; 501
8; 501
9; 499
10; 499
11; 498
12; 495
13; 494
14; 489
15; 485
0; 487
1; 486
2; 487
3; 483
4; 481
5; 480
6; 478
7; 478
8; 476
9; 475
10; 475
11; 475
12; 474
13; 473
14; 473
15; 474
0; 474
1; 474
2; 471
3; 472
4; 474
5; 472
6; 473
7; 474
8; 473
9; 474
10; 473
11; 475
12; 474
13; 474
14; 477
15; 477
0; 478
1; 477
2; 475
3; 478
4; 478
5; 478
6; 479
7; 478
8; 480
9; 480
10; 482
11; 482
12; 483
13; 482
14; 481
15; 483
0; 483
1; 482
2; 481
3; 481
4; 482
5; 480
6; 478
7; 476
8; 475
9; 474
10; 471
11; 467
12; 465
13; 463
14; 461
15; 458
0; 459
1; 459
2; 458
3; 459
4; 457
5; 457
6; 459
7; 462
8; 468
9; 470
10; 476
11; 482
12; 488
13; 499
14; 507
15; 516
0; 528
1; 539
2; 551
3; 561
4; 573
5; 583
6; 593
7; 604
8; 611
9; 619
10; 624
11; 628
12; 635
13; 635
14; 625
15; 611
0; 598
1; 588
2; 578
3; 569
4; 561
5; 552
6; 544
7; 534
8; 521
9; 511
10; 496
11; 482
12; 468
13; 452
14; 438
15; 423
0; 414
1; 407
2; 404
3; 403
4; 401
5; 402
6; 401
7; 404
8; 407
9; 408
10; 412
11; 413
12; 414
13; 419
14; 423
15; 430
0; 436
1; 440
2; 446
3; 451
4; 457
5; 459
6; 463
7; 468
8; 471
9; 478
10; 480
11; 483
12; 488
13; 489
14; 492
15; 494
0; 494
1; 496
2; 496
3; 497
4; 498
5; 500
6; 503
7; 503
8; 505
9; 506
10; 507
11; 510
12; 509
13; 510
14; 511
15; 512
0; 512
1; 512
2; 512
3; 513
4; 514
5; 517
6; 516
7; 519
8; 517
9; 517
10; 519
11; 518
12; 517
13; 519
14; 519
15; 522
0; 523
1; 522
2; 524
3; 524
4; 526
5; 524
6; 525
7; 526
8; 525
9; 527
10; 528
11; 530
12; 529
13; 531
14; 533
15; 534
0; 538
1; 537
2; 539
3; 540
4; 540
5; 542
6; 543
7; 544
8; 543
9; 543
10; 547
11; 547
12; 546
13; 548
14; 548
15; 553
0; 553
1; 556
2; 557
3; 556
4; 559
5; 561
6; 563
7; 564
8; 564
9; 567
10; 567
11; 569
12; 570
13; 573
14; 578
15; 580
0; 582
1; 583
2; 585
3; 589
4; 590
5; 591
6; 593
7; 593
8; 595
9; 594
10; 594
11; 594
12; 592
13; 592
14; 593
15; 594
0; 592
1; 590
2; 591
3; 590
4; 588
5; 589
6; 587
7; 588
8; 587
9; 585
10; 583
11; 580
12; 577
13; 577
14; 575
15; 574
0; 570
1; 567
2; 566
3; 563
4; 561
5; 559
6; 558
7; 556
8; 552
9; 549
10; 545
11; 543
12; 538
13; 535
14; 535
15; 531
0; 529
1; 525
2; 522
3; 521
4; 518
5; 517
6; 514
7; 511
8; 510
9; 508
10; 508
11; 504
12; 501
13; 498
14; 494
15; 492
0; 489
1; 487
2; 488
3; 486
4; 486
5; 485
6; 486
7; 487
8; 486
9; 486
10; 484
11; 482
12; 480
13; 478
14; 477
15; 474
0; 474
1; 473
2; 473
3; 475
4; 474
5; 472
6; 471
7; 470
8; 470
9; 470
10; 468
11; 470
12; 470
13; 471
14; 470
15; 470
0; 469
1; 467
2; 470
3; 469
4; 470
5; 471
6; 470
7; 472
8; 472
9; 473
10; 473
11; 473
12; 473
13; 472
14; 472
15; 473
0; 471
1; 472
2; 471
3; 471
4; 472
5; 470
6; 470
7; 472
8; 472
9; 473
10; 473
11; 474
12; 473
13; 473
14; 474
15; 474
0; 476
1; 476
2; 477
3; 478
4; 477
5; 477
6; 476
7; 477
8; 476
9; 476
10; 478
11; 480
12; 480
13; 480
14; 479
15; 480
0; 479
1; 478
2; 477
3; 477
4; 479
5; 479
6; 480
7; 481
8; 480
9; 483
10; 484
11; 484
12; 485
13; 485
14; 487
15; 487
0; 487
1; 487
2; 486
3; 487
4; 487
5; 488
6; 489
7; 490
8; 491
9; 491
10; 491
11; 492
12; 492
13; 492
14; 492
15; 492
0; 493
1; 492
2; 492
3; 492
4; 493
5; 493
6; 492
7; 496
8; 497
9; 497
10; 500
11; 502
12; 504
13; 504
14; 504
15; 505
0; 505
1; 508
2; 508
3; 508
4; 508
5; 507
6; 508
7; 508
8; 507
9; 507
10; 506
11; 507
12; 508
13; 509
14; 511
15; 511
0; 512
1; 511
2; 511
3; 512
4; 513
5; 513
6; 515
7; 515
8; 513
9; 513
10; 511
11; 509
12; 507
13; 507
14; 505
15; 503
0; 502
1; 500
2; 499
3; 496
4; 495
5; 494
6; 492
7; 494
8; 492
9; 493
10; 492
11; 490
12; 490
13; 489
14; 491
15; 489
0; 488
1; 488
2; 487
3; 487
4; 487
5; 487
6; 486
7; 485
8; 486
9; 486
10; 486
11; 487
12; 487
13; 488
14; 488
15; 489
0; 490
1; 491
2; 493
3; 493
4; 494
5; 494
6; 493
7; 495
8; 494
9; 494
10; 493
11; 492
12; 492
13; 491
14; 491
15; 492
0; 490
1; 492
2; 492
3; 491
4; 490
5; 488
6; 490
7; 488
8; 488
9; 488
10; 486
11; 486
12; 483
13; 479
14; 478
15; 475
0; 473
1; 471
2; 468
3; 465
4; 464
5; 464
6; 465
7; 466
8; 468
9; 472
10; 478
11; 484
12; 491
13; 498
14; 504
15; 512
0; 522
1; 532
2; 543
3; 555
4; 566
5; 579
6; 591
7; 601
8; 611
9; 623
10; 629
11; 633
12; 641
13; 644
14; 647
15; 643
0; 631
1; 619
2; 606
3; 594
4; 583
5; 572
6; 564
7; 554
8; 545
9; 535
10; 524
11; 512
12; 498
13; 485
14; 469
15; 452
0; 437
1; 424
2; 417
3; 410
4; 406
5; 405
6; 405
7; 408
8; 409
9; 411
10; 414
11; 415
12; 419
13; 423
14; 426
15; 430
0; 433
1; 438
2; 440
3; 445
4; 453
5; 460
6; 467
7; 472
8; 476
9; 481
10; 486
11; 491
12; 494
13; 496
14; 498
15; 500
0; 504
1; 506
2; 508
3; 509
4; 510
5; 513
6; 514
7; 514
8; 514
9; 514
10; 515
11; 515
12; 516
13; 518
14; 519
15; 520
0; 521
1; 522
2; 523
3; 523
4; 523
5; 524
6; 523
7; 523
8; 522
9; 523
10; 524
11; 524
12; 525
13; 524
14; 526
15; 526
0; 526
1; 528
2; 529
3; 530
4; 529
5; 529
6; 530
7; 531
8; 533
9; 534
10; 535
11; 536
12; 536
13; 539
14; 539
15; 540
0; 542
1; 542
2; 545
3; 544
4; 545
5; 546
6; 547
7; 549
8; 550
9; 551
10; 552
11; 552
12; 553
13; 552
14; 553
15; 556
0; 556
1; 558
2; 559
3; 560
4; 563
5; 564
6; 566
7; 569
8; 571
9; 576
10; 577
11; 580
12; 581
13; 583
14; 587
15; 589
0; 592
1; 593
2; 594
3; 595
4; 597
5; 599
6; 600
7; 600
8; 600
9; 601
10; 603
11; 603
12; 603
13; 604
14; 603
15; 605
0; 603
1; 603
2; 603
3; 602
4; 600
5; 600
6; 600
7; 599
8; 596
9; 596
10; 593
11; 591
12; 591
13; 590
14; 590
15; 587
0; 585
1; 584
2; 582
3; 582
4; 579
5; 575
6; 571
7; 567
8; 564
9; 560
10; 558
11; 556
12; 553
13; 552
14; 547
15; 545
0; 541
1; 537
2; 535
3; 530
4; 526
5; 524
6; 521
7; 521
8; 519
9; 516
10; 515
11; 512
12; 510
13; 508
14; 505
15; 504
0; 501
1; 501
2; 499
3; 497
4; 497
5; 496
6; 496
7; 496
8; 496
9; 495
10; 493
11; 492
12; 491
13; 489
14; 488
15; 487
0; 486
1; 484
2; 483
3; 480
4; 478
5; 478
6; 476
7; 476
8; 476
9; 476
10; 476
11; 477
12; 476
13; 477
14; 475
15; 476
0; 474
1; 473
2; 472
3; 471
4; 472
5; 472
6; 471
7; 471
8; 471
9; 473
10; 473
11; 472
12; 473
13; 473
14; 475
15; 475
0; 474
1; 475
2; 475
3; 476
4; 476
5; 476
6; 476
7; 476
8; 477
9; 476
10; 477
11; 477
12; 475
13; 477
14; 478
15; 479
0; 479
1; 480
2; 482
3; 481
4; 481
5; 482
6; 481
7; 482
8; 481
9; 481
10; 481
11; 481
12; 483
13; 482
14; 483
15; 484
0; 484
1; 485
2; 484
3; 485
4; 486
5; 484
6; 487
7; 487
8; 487
9; 488
10; 487
11; 488
12; 487
13; 487
14; 486
15; 487
0; 486
1; 486
2; 485
3; 485
4; 484
5; 486
6; 485
7; 485
8; 486
9; 485
10; 486
11; 484
12; 484
13; 487
14; 487
15; 489
0; 489
1; 490
2; 491
3; 491
4; 493
5; 492
6; 492
7; 493
8; 494
9; 497
10; 499
11; 500
12; 503
13; 504
14; 508
15; 510
0; 511
1; 511
2; 511
3; 512
4; 511
5; 512
6; 512
7; 511
8; 511
9; 511
10; 510
11; 510
12; 511
13; 515
14; 518
15; 520
0; 521
1; 522
2; 524
3; 525
4; 523
5; 520
6; 519
7; 519
8; 518
9; 516
10; 517
11; 516
12; 519
13; 519
14; 520
15; 519
0; 514
1; 511
2; 506
3; 500
4; 495
5; 489
6; 486
7; 481
8; 479
9; 478
10; 476
11; 476
12; 476
13; 476
14; 476
15; 476
0; 476
1; 476
2; 476
3; 478
4; 478
5; 480
6; 480
7; 481
8; 484
9; 484
10; 485
11; 484
12; 483
13; 485
14; 486
15; 489
0; 489
1; 490
2; 489
3; 490
4; 492
5; 491
6; 491
7; 491
8; 489
9; 491
10; 491
11; 491
12; 491
13; 490
14; 492
15; 492
0; 492
1; 493
2; 493
3; 495
4; 495
5; 495
6; 495
7; 494
8; 495
9; 495
10; 494
11; 493
12; 492
13; 490
14; 485
15; 480
0; 477
1; 472
2; 471
3; 468
4; 464
5; 462
6; 460
7; 462
8; 463
9; 464
10; 467
11; 470
12; 478
13; 482
14; 487
15; 495
0; 503
1; 514
2; 523
3; 532
4; 543
5; 554
6; 568
7; 582
8; 594
9; 605
10; 612
11; 623
12; 630
13; 639
14; 646
15; 649
0; 647
1; 642
2; 630
3; 617
4; 603
5; 593
6; 584
7; 574
8; 564
9; 554
10; 544
11; 533
12; 519
13; 506
14; 492
15; 478
0; 461
1; 443
2; 429
3; 419
4; 412
5; 405
6; 402
7; 402
8; 401
9; 403
10; 403
11; 406
12; 408
13; 410
14; 416
15; 421
0; 423
1; 427
2; 430
3; 433
4; 438
5; 444
6; 452
7; 453
8; 458
9; 462
10; 465
11; 470
12; 474
13; 480
14; 484
15; 487
0; 489
1; 490
2; 494
3; 496
4; 499
5; 503
6; 503
7; 506
8; 505
9; 505
10; 505
11; 505
12; 509
13; 512
14; 515
15; 518
0; 516
1; 515
2; 517
3; 519
4; 521
5; 523
6; 525
7; 522
8; 519
9; 520
10; 520
11; 521
12; 521
13; 521
14; 523
15; 522
0; 524
1; 521
2; 521
3; 523
4; 523
5; 526
6; 526
7; 526
8; 526
9; 527
10; 528
11; 530
12; 530
13; 531
14; 531
15; 533
0; 534
1; 535
2; 533
3; 533
4; 537
5; 537
6; 537
7; 538
8; 539
9; 543
10; 540
11; 539
12; 537
13; 540
14; 543
15; 545
0; 548
1; 550
2; 550
3; 551
4; 550
5; 551
6; 555
7; 556
8; 558
9; 560
10; 560
11; 562
12; 564
13; 568
14; 569
15; 572
0; 574
1; 576
2; 580
3; 581
4; 583
5; 585
6; 585
7; 587
8; 588
9; 589
10; 591
11; 591
12; 595
13; 595
14; 595
15; 595
0; 592
1; 593
2; 593
3; 592
4; 593
5; 591
6; 593
7; 591
8; 590
9; 588
10; 585
11; 585
12; 583
13; 581
14; 580
15; 577
0; 578
1; 576
2; 573
3; 572
4; 569
5; 570
6; 566
7; 561
8; 558
9; 552
10; 551
11; 549
12; 547
13; 545
14; 541
15; 541
0; 539
1; 536
2; 534
3; 529
4; 527
5; 523
6; 519
7; 515
8; 512
9; 511
10; 507
11; 503
12; 500
13; 500
14; 502
15; 499
0; 497
1; 495
2; 491
3; 489
4; 487
5; 487
6; 486
7; 484
8; 485
9; 483
10; 482
11; 480
12; 476
13; 477
14; 476
15; 475
0; 473
1; 471
2; 470
3; 468
4; 467
5; 468
6; 467
7; 467
8; 468
9; 468
10; 469
11; 470
12; 472
13; 472
14; 471
15; 470
0; 469
1; 470
2; 470
3; 470
4; 470
5; 468
6; 469
7; 468
8; 467
9; 465
10; 463
11; 466
12; 466
13; 467
14; 469
15; 470
0; 471
1; 471
2; 471
3; 470
4; 467
5; 468
6; 467
7; 467
8; 469
9; 470
10; 474
11; 474
12; 472
13; 472
14; 472
15; 473
0; 472
1; 473
2; 474
3; 473
4; 472
5; 470
6; 472
7; 475
8; 476
9; 477
10; 474
11; 472
12; 472
13; 474
14; 475
15; 476
0; 475
1; 476
2; 477
3; 480
4; 481
5; 480
6; 480
7; 480
8; 482
9; 483
10; 483
11; 486
12; 484
13; 485
14; 482
15; 482
0; 483
1; 483
2; 483
3; 483
4; 483
5; 486
6; 484
7; 484
8; 484
9; 487
10; 489
11; 491
12; 492
13; 493
14; 497
15; 503
0; 506
1; 509
2; 507
3; 506
4; 508
5; 508
6; 508
7; 505
8; 503
9; 501
10; 499
11; 502
12; 500
13; 499
14; 499
15; 499
0; 501
1; 504
2; 504
3; 504
4; 503
5; 504
6; 503
7; 503
8; 508
9; 510
10; 507
11; 505
12; 501
13; 503
14; 502
15; 502
0; 498
1; 495
2; 494
3; 489
4; 488
5; 488
6; 487
7; 487
8; 486
9; 484
10; 481
11; 483
12; 484
13; 484
14; 486
15; 482
0; 480
1; 480
2; 480
3; 480
4; 479
5; 480
6; 481
7; 481
8; 481
9; 480
10; 481
11; 480
12; 475
13; 477
14; 479
15; 479
0; 481
1; 481
2; 483
3; 482
4; 481
5; 484
6; 483
7; 483
8; 483
9; 483
10; 482
11; 481
12; 485
13; 486
14; 487
15; 487
0; 485
1; 484
2; 480
3; 480
4; 480
5; 481
6; 483
7; 481
8; 481
9; 483
10; 484
11; 488
12; 488
13; 487
14; 486
15; 483
0; 481
1; 478
2; 477
3; 476
4; 472
5; 470
6; 467
7; 465
8; 463
9; 462
10; 465
11; 464
12; 466
13; 468
14; 471
15; 481
0; 489
1; 495
2; 504
3; 512
4; 522
5; 530
6; 537
7; 549
8; 559
9; 572
10; 584
11; 595
12; 605
13; 615
14; 624
15; 628
0; 632
1; 635
2; 630
3; 622
4; 606
5; 595
6; 590
7; 582
8; 577
9; 572
10; 566
11; 557
12; 545
13; 535
14; 522
15; 511
0; 504
1; 495
2; 481
3; 463
4; 448
5; 440
6; 433
7; 432
8; 427
9; 425
10; 428
11; 428
12; 429
13; 427
14; 427
15; 428
0; 429
1; 432
2; 436
3; 439
4; 439
5; 440
6; 444
7; 449
8; 455
9; 462
10; 466
11; 470
12; 472
13; 474
14; 478
15; 482
0; 486
1; 485
2; 487
3; 491
4; 494
5; 499
6; 502
7; 503
8; 507
9; 511
10; 512
11; 512
12; 514
13; 515
14; 512
15; 516
0; 518
1; 518
2; 520
3; 518
4; 518
5; 516
6; 515
7; 519
8; 522
9; 524
10; 522
11; 523
12; 526
13; 527
14; 529
15; 529
0; 529
1; 528
2; 528
3; 528
4; 526
5; 525
6; 530
7; 530
8; 528
9; 524
10; 523
11; 521
12; 521
13; 527
14; 526
15; 525
0; 526
1; 527
2; 533
3; 534
4; 536
5; 535
6; 532
7; 536
8; 540
9; 542
10; 543
11; 544
12; 547
13; 548
14; 551
15; 552
0; 550
1; 551
2; 550
3; 548
4; 551
5; 551
6; 552
7; 556
8; 560
9; 564
10; 568
11; 569
12; 566
13; 567
14; 569
15; 569
0; 571
1; 574
2; 575
3; 577
4; 580
5; 582
6; 580
7; 583
8; 581
9; 578
10; 583
11; 588
12; 592
13; 594
14; 592
15; 593
0; 591
1; 590
2; 592
3; 590
4; 593
5; 591
6; 591
7; 591
8; 591
9; 590
10; 586
11; 585
12; 584
13; 580
14; 578
15; 575
0; 575
1; 575
2; 574
3; 576
4; 572
5; 567
6; 563
7; 556
8; 558
9; 556
10; 556
11; 553
12; 551
13; 546
14; 544
15; 543
0; 541
1; 537
2; 535
3; 536
4; 533
5; 533
6; 535
7; 536
8; 531
9; 527
10; 528
11; 526
12; 521
13; 515
14; 511
15; 510
0; 505
1; 504
2; 502
3; 499
4; 498
5; 496
6; 495
7; 494
8; 493
9; 493
10; 494
11; 500
12; 502
13; 504
14; 504
15; 505
0; 504
1; 497
2; 495
3; 497
4; 494
5; 495
6; 492
7; 492
8; 493
9; 491
10; 487
11; 487
12; 486
13; 486
14; 484
15; 487
0; 485
1; 484
2; 486
3; 486
4; 489
5; 486
6; 483
7; 484
8; 486
9; 490
10; 488
11; 487
12; 487
13; 487
14; 491
15; 489
0; 488
1; 486
2; 484
3; 485
4; 484
5; 483
6; 483
7; 483
8; 486
9; 486
10; 487
11; 487
12; 487
13; 488
14; 488
15; 489
0; 489
1; 488
2; 489
3; 489
4; 489
5; 492
6; 491
7; 492
8; 490
9; 489
10; 487
11; 486
12; 488
13; 491
14; 491
15; 492
0; 491
1; 494
2; 493
3; 490
4; 487
5; 488
6; 495
7; 496
8; 496
9; 499
10; 498
11; 498
12; 496
13; 495
14; 498
15; 500
0; 502
1; 499
2; 496
3; 500
4; 499
5; 498
6; 497
7; 498
8; 499
9; 498
10; 498
11; 495
12; 495
13; 497
14; 500
15; 504
0; 506
1; 507
2; 509
3; 511
4; 513
5; 512
6; 515
7; 516
8; 514
9; 515
10; 513
11; 512
12; 512
13; 511
14; 514
15; 514
0; 511
1; 512
2; 511
3; 512
4; 511
5; 512
6; 512
7; 510
8; 513
9; 513
10; 513
11; 515
12; 513
13; 515
14; 512
15; 507
0; 506
1; 506
2; 509
3; 508
4; 507
5; 505
6; 502
7; 506
8; 504
9; 504
10; 502
11; 499
12; 498
13; 496
14; 495
15; 491
0; 489
1; 487
2; 484
3; 485
4; 486
5; 486
6; 490
7; 489
8; 490
9; 490
10; 489
11; 489
12; 489
13; 490
14; 492
15; 492
0; 495
1; 494
2; 495
3; 496
4; 495
5; 495
6; 492
7; 490
8; 489
9; 488
10; 489
11; 487
12; 487
13; 488
14; 486
15; 488
0; 487
1; 488
2; 490
3; 492
4; 492
5; 493
6; 494
7; 492
8; 489
9; 487
10; 486
11; 486
12; 486
13; 485
14; 488
15; 489
0; 487
1; 486
2; 483
3; 485
4; 483
5; 481
6; 480
7; 476
8; 476
9; 474
10; 475
11; 476
12; 476
13; 479
14; 478
15; 478
0; 482
1; 486
2; 492
3; 500
4; 508
5; 514
6; 522
7; 535
8; 542
9; 551
10; 560
11; 569
12; 583
13; 595
14; 605
15; 615
0; 623
1; 629
2; 636
3; 641
4; 644
5; 639
6; 631
7; 623
8; 615
9; 605
10; 593
11; 585
12; 577
13; 570
14; 561
15; 552
0; 543
1; 532
2; 519
3; 510
4; 495
5; 482
6; 468
7; 458
8; 451
9; 443
10; 439
11; 434
12; 433
13; 433
14; 432
15; 432
0; 431
1; 432
2; 433
3; 433
4; 438
5; 439
6; 439
7; 441
8; 443
9; 448
10; 451
11; 454
12; 456
13; 458
14; 463
15; 464
0; 467
1; 469
2; 472
3; 479
4; 481
5; 484
6; 487
7; 488
8; 492
9; 495
10; 497
11; 497
12; 498
13; 503
14; 502
15; 502
0; 503
1; 502
2; 504
3; 504
4; 505
5; 507
6; 507
7; 509
8; 509
9; 510
10; 510
11; 508
12; 509
13; 509
14; 509
15; 510
0; 509
1; 510
2; 510
3; 510
4; 510
5; 511
6; 512
7; 511
8; 511
9; 513
10; 514
11; 517
12; 515
13; 514
14; 514
15; 515
0; 519
1; 519
2; 521
3; 523
4; 521
5; 523
6; 522
7; 521
8; 523
9; 523
10; 526
11; 523
12; 523
13; 525
14; 526
15; 529
0; 530
1; 534
2; 536
3; 535
4; 535
5; 536
6; 537
7; 540
8; 541
9; 543
10; 544
11; 544
12; 544
13; 545
14; 548
15; 547
0; 545
1; 551
2; 553
3; 551
4; 550
5; 551
6; 554
7; 556
8; 561
9; 563
10; 567
11; 571
12; 569
13; 572
14; 570
15; 569
0; 572
1; 577
2; 581
3; 578
4; 577
5; 574
6; 570
7; 570
8; 568
9; 570
10; 570
11; 570
12; 574
13; 575
14; 573
15; 572
0; 568
1; 567
2; 564
3; 563
4; 559
5; 554
6; 553
7; 549
8; 547
9; 544
10; 540
11; 540
12; 539
13; 537
14; 536
15; 534
0; 535
1; 533
2; 532
3; 531
4; 529
5; 529
6; 524
7; 522
8; 519
9; 516
10; 515
11; 512
12; 512
13; 509
14; 508
15; 507
0; 506
1; 505
2; 505
3; 503
4; 502
5; 501
6; 500
7; 499
8; 496
9; 496
10; 496
11; 494
12; 494
13; 493
14; 493
15; 492
0; 491
1; 491
2; 489
3; 491
4; 488
5; 487
6; 487
7; 484
8; 485
9; 482
10; 479
11; 478
12; 476
13; 477
14; 474
15; 472
0; 472
1; 471
2; 474
3; 475
4; 476
5; 477
6; 475
7; 478
8; 478
9; 478
10; 477
11; 475
12; 478
13; 479
14; 480
15; 482
0; 481
1; 483
2; 483
3; 482
4; 482
5; 483
6; 484
7; 483
8; 483
9; 484
10; 484
11; 485
12; 485
13; 484
14; 483
15; 481
0; 483
1; 483
2; 483
3; 482
4; 481
5; 483
6; 482
7; 483
8; 483
9; 483
10; 487
11; 487
12; 487
13; 487
14; 487
15; 489
0; 489
1; 489
2; 491
3; 490
4; 491
5; 492
6; 492
7; 492
8; 492
9; 493
10; 492
11; 492
12; 493
13; 494
14; 495
15; 495
0; 494
1; 495
2; 495
3; 497
4; 498
5; 498
6; 500
7; 499
8; 500
9; 501
10; 500
11; 499
12; 498
13; 497
14; 498
15; 499
0; 498
1; 497
2; 500
3; 501
4; 500
5; 500
6; 500
7; 504
8; 503
9; 503
10; 504
11; 504
12; 504
13; 504
14; 504
15; 504
0; 504
1; 505
2; 506
3; 507
4; 506
5; 503
6; 504
7; 505
8; 506
9; 507
10; 505
11; 507
12; 507
13; 508
14; 510
15; 511
0; 512
1; 512
2; 512
3; 513
4; 512
5; 512
6; 510
7; 510
8; 508
9; 505
10; 506
11; 503
12; 502
13; 499
14; 492
15; 492
0; 492
1; 492
2; 490
3; 488
4; 490
5; 487
6; 485
7; 486
8; 484
9; 484
10; 482
11; 481
12; 481
13; 480
14; 482
15; 481
0; 481
1; 482
2; 481
3; 483
4; 481
5; 482
6; 483
7; 483
8; 485
9; 484
10; 482
11; 482
12; 482
13; 485
14; 483
15; 484
0; 484
1; 484
2; 485
3; 482
4; 483
5; 487
6; 486
7; 487
8; 487
9; 487
10; 487
11; 487
12; 488
13; 487
14; 489
15; 489
0; 488
1; 487
2; 487
3; 487
4; 487
5; 485
6; 487
7; 484
8; 481
9; 480
10; 477
11; 476
12; 475
13; 473
14; 472
15; 470
0; 473
1; 474
2; 475
3; 478
4; 480
5; 485
6; 487
7; 490
8; 496
9; 500
10; 508
11; 513
12; 522
13; 531
14; 539
15; 550
0; 555
1; 564
2; 573
3; 581
4; 592
5; 600
6; 607
7; 614
8; 619
9; 626
10; 631
11; 637
12; 640
13; 635
14; 625
15; 615
0; 603
1; 593
2; 583
3; 576
4; 566
5; 557
6; 548
7; 537
8; 529
9; 517
10; 506
11; 495
12; 482
13; 471
14; 457
15; 448
0; 439
1; 432
2; 432
3; 429
4; 428
5; 428
6; 427
7; 430
8; 430
9; 432
10; 432
11; 433
12; 439
13; 444
14; 449
15; 453
0; 456
1; 462
2; 462
3; 466
4; 470
5; 472
6; 477
7; 480
8; 482
9; 484
10; 484
11; 486
12; 485
13; 488
14; 492
15; 494
0; 498
1; 500
2; 503
3; 504
4; 504
5; 504
6; 503
7; 504
8; 504
9; 504
10; 507
11; 508
12; 510
13; 512
14; 511
15; 513
0; 512
1; 513
2; 515
3; 514
4; 515
5; 514
6; 514
7; 515
8; 515
9; 517
10; 517
11; 516
12; 515
13; 515
14; 516
15; 514
0; 515
1; 519
2; 521
3; 524
4; 523
5; 524
6; 523
7; 523
8; 524
9; 519
10; 515
11; 515
12; 518
13; 520
14; 522
15; 524
0; 524
1; 524
2; 526
3; 524
4; 526
5; 528
6; 530
7; 532
8; 531
9; 531
10; 535
11; 535
12; 536
13; 535
14; 535
15; 535
0; 537
1; 543
2; 544
3; 545
4; 549
5; 551
6; 554
7; 555
8; 556
9; 556
10; 558
11; 562
12; 561
13; 564
14; 569
15; 570
0; 574
1; 576
2; 579
3; 582
4; 583
5; 582
6; 582
7; 583
8; 586
9; 585
10; 585
11; 581
12; 578
13; 578
14; 577
15; 575
0; 571
1; 568
2; 566
3; 563
4; 566
5; 564
6; 564
7; 566
8; 560
9; 558
10; 554
11; 552
12; 551
13; 550
14; 551
15; 553
0; 551
1; 548
2; 544
3; 545
4; 542
5; 541
6; 544
7; 543
8; 546
9; 545
10; 540
11; 536
12; 535
13; 533
14; 528
15; 525
0; 519
1; 517
2; 519
3; 516
4; 514
5; 514
6; 511
7; 515
8; 518
9; 515
10; 514
11; 516
12; 524
13; 524
14; 515
15; 508
0; 505
1; 504
2; 500
3; 496
4; 495
5; 492
6; 490
7; 485
8; 482
9; 479
10; 478
11; 481
12; 479
13; 476
14; 474
15; 472
0; 471
1; 468
2; 469
3; 471
4; 472
5; 477
6; 481
7; 480
8; 480
9; 478
10; 479
11; 478
12; 478
13; 479
14; 479
15; 479
0; 476
1; 477
2; 478
3; 476
4; 477
5; 478
6; 480
7; 480
8; 480
9; 481
10; 478
11; 478
12; 477
13; 472
14; 470
15; 467
0; 462
1; 462
2; 466
3; 469
4; 468
5; 463
6; 459
7; 460
8; 466
9; 470
10; 473
11; 475
12; 475
13; 477
14; 475
15; 475
0; 475
1; 479
2; 485
3; 487
4; 487
5; 491
6; 497
7; 499
8; 490
9; 487
10; 488
11; 487
12; 495
13; 497
14; 497
15; 496
0; 496
1; 500
2; 504
3; 504
4; 502
5; 499
6; 499
7; 497
8; 495
9; 494
10; 492
11; 492
12; 489
13; 490
14; 496
15; 494
0; 489
1; 483
2; 483
3; 487
4; 487
5; 483
6; 480
7; 481
8; 482
9; 483
10; 492
11; 495
12; 495
13; 499
14; 501
15; 502
0; 501
1; 498
2; 494
3; 491
4; 493
5; 496
6; 498
7; 500
8; 502
9; 503
10; 504
11; 505
12; 504
13; 501
14; 504
15; 501
0; 500
1; 499
2; 499
3; 499
4; 498
5; 498
6; 500
7; 503
8; 505
9; 502
10; 500
11; 504
12; 507
13; 512
14; 512
15; 511
0; 509
1; 505
2; 504
3; 505
4; 505
5; 504
6; 502
7; 505
8; 503
9; 500
10; 499
11; 499
12; 498
13; 498
14; 497
15; 494
0; 490
1; 486
2; 483
3; 481
4; 479
5; 476
6; 477
7; 475
8; 472
9; 470
10; 467
11; 472
12; 473
13; 473
14; 475
15; 474
0; 475
1; 474
2; 472
3; 471
4; 467
5; 469
6; 467
7; 469
8; 475
9; 481
10; 486
11; 485
12; 484
13; 484
14; 480
15; 482
0; 487
1; 485
2; 490
3; 495
4; 496
5; 496
6; 492
7; 488
8; 484
9; 484
10; 484
11; 485
12; 487
13; 486
14; 487
15; 485
0; 482
1; 485
2; 484
3; 483
4; 477
5; 475
6; 475
7; 470
8; 471
9; 472
10; 475
11; 477
12; 473
13; 471
14; 471
15; 474
0; 481
1; 484
2; 488
3; 491
4; 495
5; 500
6; 507
7; 517
8; 526
9; 536
10; 551
11; 564
12; 579
13; 586
14; 592
15; 603
0; 610
1; 617
2; 620
3; 623
4; 624
5; 620
6; 613
7; 600
8; 592
9; 588
10; 583
11; 579
12; 572
13; 570
14; 562
15; 555
0; 546
1; 534
2; 519
3; 504
4; 489
5; 480
6; 471
7; 462
8; 456
9; 453
10; 452
11; 450
12; 449
13; 451
14; 452
15; 451
0; 447
1; 446
2; 448
3; 447
4; 447
5; 449
6; 451
7; 451
8; 452
9; 454
10; 453
11; 455
12; 459
13; 457
14; 461
15; 462
0; 462
1; 463
2; 465
3; 467
4; 466
5; 465
6; 469
7; 472
8; 477
9; 483
10; 488
11; 495
12; 501
13; 506
14; 505
15; 506
0; 510
1; 512
2; 519
3; 524
4; 527
5; 525
6; 524
7; 524
8; 526
9; 527
10; 526
11; 525
12; 528
13; 528
14; 527
15; 527
0; 526
1; 528
2; 529
3; 528
4; 527
5; 524
6; 529
7; 531
8; 532
9; 532
10; 530
11; 532
12; 530
13; 532
14; 533
15; 531
0; 534
1; 531
2; 528
3; 526
4; 525
5; 526
6; 526
7; 529
8; 529
9; 529
10; 532
11; 531
12; 529
13; 528
14; 533
15; 540
0; 544
1; 548
2; 553
3; 556
4; 560
5; 563
6; 567
7; 570
8; 569
9; 572
10; 571
11; 568
12; 563
13; 556
14; 551
15; 542
0; 532
1; 522
2; 511
3; 504
4; 499
5; 500
6; 505
7; 511
8; 518
9; 525
10; 538
11; 552
12; 564
13; 579
14; 588
15; 599
0; 608
1; 616
2; 627
3; 633
4; 638
5; 641
6; 643
7; 645
8; 645
9; 643
10; 640
11; 639
12; 639
13; 633
14; 627
15; 618
0; 611
1; 613
2; 612
3; 613
4; 609
5; 602
6; 600
7; 597
8; 591
9; 587
10; 587
11; 589
12; 587
13; 585
14; 584
15; 580
0; 576
1; 569
2; 563
3; 556
4; 550
5; 551
6; 549
7; 551
8; 552
9; 545
10; 541
11; 536
12; 534
13; 531
14; 531
15; 533
0; 529
1; 527
2; 527
3; 523
4; 523
5; 523
6; 521
7; 519
8; 514
9; 515
10; 513
11; 512
12; 513
13; 512
14; 511
15; 509
0; 505
1; 502
2; 499
3; 498
4; 493
5; 491
6; 491
7; 490
8; 494
9; 493
10; 493
11; 491
12; 488
13; 492
14; 496
15; 497
0; 500
1; 501
2; 500
3; 498
4; 495
5; 498
6; 501
7; 502
8; 499
9; 501
10; 499
11; 495
12; 492
13; 491
14; 492
15; 498
0; 500
1; 501
2; 496
3; 493
4; 493
5; 491
6; 492
7; 492
8; 491
9; 490
10; 489
11; 491
12; 493
13; 492
14; 489
15; 486
0; 483
1; 480
2; 478
3; 479
4; 477
5; 476
6; 477
7; 480
8; 483
9; 484
10; 489
11; 494
12; 498
13; 496
14; 496
15; 496
0; 495
1; 493
2; 491
3; 491
4; 491
5; 489
6; 488
7; 489
8; 489
9; 491
10; 490
11; 491
12; 496
13; 499
14; 503
15; 503
0; 501
1; 499
2; 498
3; 502
4; 503
5; 505
6; 504
7; 501
8; 499
9; 492
10; 492
11; 493
12; 492
13; 497
14; 498
15; 499
0; 502
1; 504
2; 507
3; 508
4; 508
5; 506
6; 503
7; 501
8; 496
9; 495
10; 494
11; 495
12; 497
13; 496
14; 496
15; 498
0; 501
1; 504
2; 498
3; 494
4; 494
5; 496
6; 500
7; 502
8; 501
9; 501
10; 501
11; 505
12; 503
13; 501
14; 497
15; 499
0; 500
1; 500
2; 501
3; 498
4; 496
5; 497
6; 497
7; 494
8; 491
9; 483
10; 480
11; 480
12; 479
13; 479
14; 476
15; 476
0; 475
1; 475
2; 479
3; 480
4; 482
5; 483
6; 480
7; 480
8; 479
9; 480
10; 479
11; 478
12; 478
13; 478
14; 481
15; 483
0; 486
1; 485
2; 482
3; 480
4; 476
5; 472
6; 472
7; 472
8; 473
9; 477
10; 481
11; 485
12; 487
13; 488
14; 485
15; 485
0; 486
1; 486
2; 492
3; 494
4; 495
5; 495
6; 492
7; 491
8; 487
9; 486
10; 483
11; 483
12; 487
13; 484
14; 482
15; 482
0; 483
1; 484
2; 479
3; 469
4; 464
5; 458
6; 455
7; 451
8; 449
9; 451
10; 454
11; 456
12; 456
13; 461
14; 470
15; 475
0; 481
1; 483
2; 489
3; 496
4; 504
5; 513
6; 518
7; 524
8; 534
9; 543
10; 557
11; 568
12; 580
13; 591
14; 600
15; 612
0; 619
1; 625
2; 632
3; 632
4; 628
5; 618
6; 608
7; 598
8; 590
9; 583
10; 575
11; 568
12; 562
13; 552
14; 545
15; 538
0; 532
1; 526
2; 516
3; 502
4; 486
5; 472
6; 460
7; 449
8; 443
9; 437
10; 433
11; 429
12; 425
13; 428
14; 428
15; 432
0; 434
1; 432
2; 431
3; 432
4; 435
5; 437
6; 439
7; 442
8; 444
9; 446
10; 447
11; 448
12; 454
13; 458
14; 464
15; 465
0; 463
1; 465
2; 465
3; 471
4; 479
5; 483
6; 486
7; 486
8; 487
9; 486
10; 485
11; 487
12; 489
13; 494
14; 493
15; 489
0; 488
1; 487
2; 486
3; 486
4; 487
5; 491
6; 494
7; 497
8; 498
9; 497
10; 499
11; 497
12; 497
13; 497
14; 497
15; 500
0; 504
1; 510
2; 513
3; 511
4; 511
5; 511
6; 510
7; 510
8; 508
9; 507
10; 508
11; 508
12; 507
13; 506
14; 508
15; 512
0; 515
1; 517
2; 517
3; 519
4; 519
5; 520
6; 521
7; 519
8; 519
9; 518
10; 519
11; 519
12; 516
13; 519
14; 518
15; 518
0; 517
1; 517
2; 520
3; 523
4; 527
5; 529
6; 532
7; 536
8; 538
9; 541
10; 541
11; 538
12; 541
13; 537
14; 536
15; 535
0; 532
1; 532
2; 531
3; 534
4; 536
5; 538
6; 542
7; 546
8; 551
9; 557
10; 560
11; 566
12; 566
13; 566
14; 566
15; 563
0; 561
1; 558
2; 557
3; 558
4; 558
5; 559
6; 559
7; 560
8; 561
9; 560
10; 562
11; 563
12; 562
13; 560
14; 557
15; 555
0; 553
1; 553
2; 551
3; 549
4; 548
5; 546
6; 545
7; 545
8; 542
9; 544
10; 543
11; 542
12; 541
13; 536
14; 535
15; 532
0; 533
1; 532
2; 528
3; 526
4; 523
5; 523
6; 522
7; 521
8; 522
9; 522
10; 524
11; 526
12; 522
13; 517
14; 512
15; 507
0; 504
1; 502
2; 500
3; 495
4; 493
5; 494
6; 496
7; 498
8; 497
9; 499
10; 501
11; 502
12; 501
13; 495
14; 492
15; 492
0; 489
1; 487
2; 483
3; 480
4; 480
5; 477
6; 477
7; 476
8; 476
9; 480
10; 480
11; 480
12; 481
13; 482
14; 484
15; 486
0; 491
1; 489
2; 487
3; 485
4; 483
5; 483
6; 480
7; 480
8; 481
9; 482
10; 484
11; 488
12; 490
13; 488
14; 483
15; 482
0; 481
1; 480
2; 480
3; 479
4; 480
5; 481
6; 484
7; 483
8; 479
9; 479
10; 478
11; 479
12; 480
13; 477
14; 477
15; 481
0; 484
1; 484
2; 482
3; 479
4; 475
5; 476
6; 480
7; 482
8; 487
9; 488
10; 490
11; 490
12; 489
13; 488
14; 487
15; 487
0; 487
1; 486
2; 487
3; 487
4; 488
5; 488
6; 487
7; 488
8; 485
9; 482
10; 480
11; 481
12; 486
13; 488
14; 492
15; 495
0; 496
1; 499
2; 496
3; 494
4; 494
5; 491
6; 490
7; 491
8; 492
9; 492
10; 492
11; 494
12; 493
13; 492
14; 492
15; 492
0; 494
1; 493
2; 496
3; 497
4; 498
5; 502
6; 502
7; 502
8; 503
9; 504
10; 505
11; 507
12; 511
13; 512
14; 511
15; 513
0; 515
1; 515
2; 515
3; 513
4; 511
5; 510
6; 508
7; 507
8; 505
9; 505
10; 504
11; 506
12; 508
13; 508
14; 506
15; 508
0; 512
1; 515
2; 513
3; 515
4; 508
5; 501
6; 500
7; 501
8; 501
9; 499
10; 499
11; 500
12; 499
13; 502
14; 503
15; 504
0; 504
1; 503
2; 504
3; 502
4; 500
5; 498
6; 495
7; 494
8; 490
9; 488
10; 489
11; 486
12; 483
13; 480
14; 478
15; 477
0; 474
1; 474
2; 475
3; 477
4; 480
5; 479
6; 480
7; 480
8; 479
9; 479
10; 478
11; 479
12; 480
13; 481
14; 481
15; 480
0; 481
1; 481
2; 482
3; 484
4; 486
5; 491
6; 490
7; 487
8; 485
9; 483
10; 483
11; 481
12; 482
13; 483
14; 483
15; 487
0; 488
1; 492
2; 496
3; 496
4; 499
5; 501
6; 500
7; 498
8; 494
9; 492
10; 487
11; 479
12; 473
13; 469
14; 467
15; 468
0; 471
1; 474
2; 472
3; 473
4; 474
5; 477
6; 480
7; 480
8; 482
9; 483
10; 486
11; 489
12; 492
13; 500
14; 504
15; 511
0; 519
1; 527
2; 537
3; 545
4; 556
5; 567
6; 577
7; 588
8; 593
9; 600
10; 605
11; 609
12; 617
13; 622
14; 627
15; 628
0; 621
1; 614
2; 603
3; 595
4; 592
5; 587
6; 582
7; 573
8; 564
9; 555
10; 543
11; 533
12; 520
13; 510
14; 496
15; 480
0; 469
1; 461
2; 456
3; 452
4; 446
5; 440
6; 439
7; 442
8; 442
9; 441
10; 443
11; 443
12; 443
13; 443
14; 443
15; 448
0; 450
1; 454
2; 455
3; 455
4; 460
5; 463
6; 467
7; 470
8; 473
9; 476
10; 475
11; 477
12; 479
13; 479
14; 480
15; 481
0; 482
1; 485
2; 484
3; 488
4; 492
5; 494
6; 494
7; 495
8; 497
9; 497
10; 498
11; 499
12; 500
13; 502
14; 501
15; 504
0; 505
1; 506
2; 510
3; 511
4; 512
5; 513
6; 515
7; 522
8; 524
9; 524
10; 522
11; 519
12; 520
13; 519
14; 519
15; 518
0; 515
1; 516
2; 515
3; 515
4; 513
5; 513
6; 519
7; 523
8; 525
9; 523
10; 517
11; 516
12; 513
13; 513
14; 512
15; 511
0; 512
1; 510
2; 511
3; 511
4; 510
5; 515
6; 518
7; 522
8; 524
9; 525
10; 527
11; 524
12; 525
13; 526
14; 525
15; 528
0; 527
1; 526
2; 527
3; 527
4; 532
5; 532
6; 536
7; 539
8; 540
9; 549
10; 554
11; 561
12; 563
13; 561
14; 561
15; 560
0; 560
1; 563
2; 565
3; 569
4; 568
5; 568
6; 568
7; 570
8; 571
9; 571
10; 575
11; 578
12; 576
13; 579
14; 577
15; 574
0; 573
1; 572
2; 569
3; 564
4; 565
5; 563
6; 561
7; 563
8; 561
9; 563
10; 564
11; 565
12; 568
13; 566
14; 567
15; 565
0; 561
1; 562
2; 556
3; 550
4; 547
5; 542
6; 542
7; 538
8; 539
9; 541
10; 538
11; 542
12; 542
13; 543
14; 544
15; 543
0; 540
1; 536
2; 535
3; 531
4; 522
5; 518
6; 515
7; 515
8; 515
9; 514
10; 514
11; 514
12; 517
13; 521
14; 521
15; 521
0; 518
1; 514
2; 511
3; 506
4; 504
5; 500
6; 501
7; 500
8; 494
9; 492
10; 490
11; 489
12; 487
13; 486
14; 487
15; 483
0; 482
1; 480
2; 478
3; 478
4; 478
5; 480
6; 479
7; 478
8; 476
9; 470
10; 465
11; 463
12; 460
13; 470
14; 478
15; 485
0; 487
1; 483
2; 480
3; 478
4; 481
5; 484
6; 490
7; 496
8; 496
9; 498
10; 497
11; 496
12; 499
13; 496
14; 499
15; 502
0; 499
1; 498
2; 496
3; 493
4; 490
5; 486
6; 483
7; 482
8; 482
9; 482
10; 482
11; 483
12; 482
13; 483
14; 486
15; 488
0; 492
1; 492
2; 491
3; 489
4; 488
5; 489
6; 486
7; 483
8; 481
9; 481
10; 484
11; 482
12; 482
13; 483
14; 483
15; 487
0; 486
1; 485
2; 484
3; 487
4; 493
5; 493
6; 493
7; 486
8; 483
9; 484
10; 484
11; 486
12; 485
13; 486
14; 491
15; 492
0; 496
1; 499
2; 497
3; 501
4; 503
5; 504
6; 503
7; 498
8; 496
9; 494
10; 495
11; 498
12; 499
13; 500
14; 501
15; 505
0; 507
1; 512
2; 516
3; 515
4; 516
5; 516
6; 513
7; 512
8; 507
9; 502
10; 502
11; 502
12; 503
13; 504
14; 506
15; 509
0; 511
1; 518
2; 520
3; 519
4; 514
5; 511
6; 513
7; 512
8; 511
9; 505
10; 499
11; 500
12; 501
13; 505
14; 507
15; 507
0; 508
1; 506
2; 508
3; 509
4; 508
5; 509
6; 508
7; 509
8; 508
9; 500
10; 495
11; 491
12; 490
13; 494
14; 497
15; 502
0; 500
1; 500
2; 501
3; 501
4; 505
5; 506
6; 510
7; 510
8; 505
9; 505
10; 501
11; 499
12; 502
13; 503
14; 505
15; 508
0; 508
1; 505
2; 502
3; 502
4; 503
5; 504
6; 503
7; 499
8; 498
9; 497
10; 499
11; 495
12; 489
13; 492
14; 492
15; 490
0; 486
1; 483
2; 484
3; 484
4; 488
5; 490
6; 488
7; 492
8; 490
9; 490
10; 489
11; 487
12; 484
13; 482
14; 482
15; 483
0; 481
1; 478
2; 477
3; 478
4; 480
5; 484
6; 489
7; 487
8; 486
9; 487
10; 481
11; 477
12; 468
13; 462
14; 460
15; 459
0; 460
1; 460
2; 465
3; 467
4; 467
5; 472
6; 478
7; 483
8; 488
9; 495
10; 504
11; 508
12; 515
13; 519
14; 524
15; 536
0; 544
1; 555
2; 569
3; 584
4; 601
5; 613
6; 621
7; 627
8; 633
9; 644
10; 651
11; 655
12; 654
13; 643
14; 631
15; 617
0; 605
1; 596
2; 585
3; 577
4; 569
5; 563
6; 557
7; 551
8; 546
9; 534
10; 519
11; 504
12; 486
13; 468
14; 448
15; 436
0; 430
1; 423
2; 422
3; 419
4; 420
5; 420
6; 419
7; 427
8; 430
9; 430
10; 430
11; 430
12; 427
13; 428
14; 431
15; 431
0; 433
1; 438
2; 443
3; 450
4; 455
5; 462
6; 471
7; 478
8; 487
9; 494
10; 498
11; 505
12; 507
13; 506
14; 505
15; 502
0; 499
1; 495
2; 496
3; 497
4; 496
5; 499
6; 499
7; 502
8; 506
9; 508
10; 512
11; 514
12; 517
13; 516
14; 512
15; 514
0; 511
1; 511
2; 509
3; 508
4; 509
5; 505
6; 506
7; 505
8; 504
9; 512
10; 519
11; 519
12; 515
13; 512
14; 513
15; 511
0; 508
1; 506
2; 503
3; 507
4; 512
5; 517
6; 519
7; 521
8; 526
9; 525
10; 528
11; 530
12; 532
13; 538
14; 538
15; 537
0; 535
1; 532
2; 534
3; 532
4; 534
5; 536
6; 536
7; 542
8; 543
9; 544
10; 548
11; 551
12; 556
13; 559
14; 561
15; 563
0; 559
1; 557
2; 551
3; 547
4; 547
5; 548
6; 553
7; 555
8; 556
9; 557
10; 559
11; 563
12; 565
13; 569
14; 568
15; 569
0; 574
1; 573
2; 575
3; 572
4; 568
5; 572
6; 572
7; 574
8; 575
9; 573
10; 575
11; 580
12; 586
13; 588
14; 583
15; 581
0; 579
1; 578
2; 574
3; 566
4; 563
5; 557
6; 551
7; 548
8; 544
9; 544
10; 547
11; 550
12; 556
13; 559
14; 562
15; 560
0; 561
1; 562
2; 560
3; 563
4; 562
5; 560
6; 562
7; 560
8; 560
9; 556
10; 553
11; 550
12; 547
13; 550
14; 549
15; 547
0; 545
1; 540
2; 534
3; 529
4; 527
5; 524
6; 518
7; 518
8; 518
9; 518
10; 515
11; 511
12; 508
13; 504
14; 502
15; 502
0; 498
1; 495
2; 492
3; 491
4; 492
5; 492
6; 492
7; 490
8; 492
9; 492
10; 491
11; 493
12; 491
13; 490
14; 491
15; 490
0; 489
1; 486
2; 484
3; 482
4; 478
5; 479
6; 479
7; 478
8; 477
9; 475
10; 473
11; 468
12; 467
13; 467
14; 466
15; 469
0; 468
1; 469
2; 470
3; 470
4; 472
5; 470
6; 468
7; 468
8; 469
9; 471
10; 471
11; 469
12; 467
13; 465
14; 467
15; 467
0; 467
1; 469
2; 469
3; 472
4; 473
5; 473
6; 475
7; 476
8; 480
9; 479
10; 481
11; 483
12; 486
13; 490
14; 489
15; 490
0; 491
1; 490
2; 490
3; 489
4; 489
5; 491
6; 491
7; 493
8; 488
9; 487
10; 487
11; 484
12; 485
13; 483
14; 484
15; 486
0; 486
1; 487
2; 484
3; 480
4; 476
5; 471
6; 470
7; 467
8; 465
9; 465
10; 466
11; 471
12; 472
13; 473
14; 476
15; 479
0; 484
1; 487
2; 492
3; 495
4; 496
5; 497
6; 498
7; 499
8; 500
9; 498
10; 499
11; 496
12; 495
13; 493
14; 488
15; 486
0; 481
1; 479
2; 478
3; 474
4; 475
5; 472
6; 472
7; 472
8; 470
9; 473
10; 475
11; 477
12; 482
13; 487
14; 491
15; 495
0; 499
1; 504
2; 507
3; 511
4; 515
5; 518
6; 523
7; 530
8; 534
9; 536
10; 536
11; 535
12; 531
13; 531
14; 527
15; 527
0; 527
1; 527
2; 529
3; 527
4; 529
5; 528
6; 527
7; 530
8; 528
9; 527
10; 525
11; 521
12; 519
13; 513
14; 511
15; 508
0; 506
1; 508
2; 505
3; 505
4; 503
5; 502
6; 507
7; 504
8; 498
9; 492
10; 488
11; 487
12; 483
13; 480
14; 485
15; 489
0; 495
1; 488
2; 483
3; 480
4; 475
5; 474
6; 476
7; 480
8; 485
9; 489
10; 490
11; 485
12; 477
13; 474
14; 476
15; 482
0; 480
1; 481
2; 489
3; 489
4; 486
5; 480
6; 481
7; 481
8; 482
9; 488
10; 488
11; 489
12; 487
13; 483
14; 480
15; 472
0; 465
1; 462
2; 462
3; 456
4; 451
5; 456
6; 467
7; 475
8; 478
9; 482
10; 484
11; 482
12; 482
13; 485
14; 482
15; 479
0; 479
1; 478
2; 478
3; 473
4; 468
5; 464
6; 462
7; 464
8; 463
9; 464
10; 463
11; 463
12; 469
13; 471
14; 476
15; 484
0; 493
1; 505
2; 517
3; 531
4; 543
5; 553
6; 565
7; 576
8; 589
9; 601
10; 608
11; 617
12; 624
13; 631
14; 635
15; 638
0; 643
1; 640
2; 631
3; 618
4; 606
5; 597
6; 589
7; 582
8; 572
9; 563
10; 556
11; 545
12; 538
13; 528
14; 519
15; 512
0; 499
1; 481
2; 464
3; 449
4; 441
5; 433
6; 429
7; 429
8; 429
9; 432
10; 433
11; 435
12; 435
13; 430
14; 428
15; 425
0; 425
1; 424
2; 418
3; 415
4; 412
5; 412
6; 414
7; 416
8; 423
9; 429
10; 438
11; 444
12; 448
13; 455
14; 462
15; 469
0; 476
1; 479
2; 484
3; 487
4; 490
5; 492
6; 493
7; 497
8; 499
9; 504
10; 507
11; 512
12; 520
13; 525
14; 530
15; 533
0; 534
1; 539
2; 537
3; 534
4; 532
5; 529
6; 533
7; 535
8; 537
9; 540
10; 538
11; 538
12; 537
13; 536
14; 536
15; 535
0; 534
1; 529
2; 528
3; 527
4; 526
5; 527
6; 523
7; 520
8; 515
9; 510
10; 510
11; 507
12; 505
13; 504
14; 500
15; 499
0; 495
1; 493
2; 489
3; 487
4; 488
5; 490
6; 496
7; 502
8; 507
9; 514
10; 521
11; 526
12; 530
13; 531
14; 534
15; 535
0; 540
1; 542
2; 541
3; 543
4; 543
5; 545
6; 547
7; 548
8; 553
9; 553
10; 555
11; 560
12; 565
13; 573
14; 577
15; 581
0; 582
1; 582
2; 585
3; 584
4; 586
5; 586
6; 588
7; 596
8; 601
9; 604
10; 604
11; 602
12; 604
13; 604
14; 608
15; 610
0; 611
1; 614
2; 616
3; 616
4; 614
5; 608
6; 604
7; 599
8; 595
9; 594
10; 591
11; 592
12; 590
13; 586
14; 583
15; 582
0; 583
1; 580
2; 579
3; 575
4; 570
5; 568
6; 561
7; 553
8; 548
9; 542
10; 540
11; 538
12; 539
13; 540
14; 539
15; 540
0; 537
1; 532
2; 527
3; 521
4; 516
5; 513
6; 511
7; 507
8; 503
9; 504
10; 504
11; 507
12; 508
13; 505
14; 506
15; 506
0; 504
1; 504
2; 504
3; 506
4; 503
5; 501
6; 500
7; 497
8; 498
9; 495
10; 497
11; 498
12; 497
13; 499
14; 497
15; 496
0; 495
1; 493
2; 494
3; 492
4; 493
5; 492
6; 490
7; 490
8; 486
9; 485
10; 487
11; 485
12; 484
13; 480
14; 476
15; 474
0; 473
1; 475
2; 474
3; 473
4; 476
5; 476
6; 476
7; 475
8; 474
9; 470
10; 465
11; 467
12; 465
13; 466
14; 467
15; 468
0; 472
1; 473
2; 473
3; 472
4; 472
5; 476
6; 476
7; 475
8; 474
9; 472
10; 473
11; 471
12; 470
13; 469
14; 466
15; 466
0; 465
1; 465
2; 466
3; 466
4; 471
5; 468
6; 466
7; 463
8; 459
9; 457
10; 453
11; 451
12; 451
13; 453
14; 460
15; 462
0; 465
1; 470
2; 477
3; 486
4; 492
5; 501
6; 509
7; 511
8; 514
9; 511
10; 509
11; 508
12; 507
13; 508
14; 508
15; 510
0; 508
1; 504
2; 502
3; 498
4; 499
5; 503
6; 501
7; 503
8; 503
9; 504
10; 500
11; 496
12; 496
13; 492
14; 491
15; 493
0; 493
1; 497
2; 499
3; 499
4; 499
5; 499
6; 499
7; 498
8; 497
9; 500
10; 499
11; 498
12; 494
13; 490
14; 485
15; 487
0; 494
1; 493
2; 495
3; 496
4; 497
5; 499
6; 498
7; 502
8; 504
9; 504
10; 504
11; 505
12; 507
13; 507
14; 505
15; 504
0; 500
1; 502
2; 505
3; 504
4; 503
5; 498
6; 497
7; 496
8; 496
9; 496
10; 495
11; 494
12; 492
13; 491
14; 494
15; 491
0; 491
1; 493
2; 494
3; 498
4; 497
5; 497
6; 495
7; 492
8; 495
9; 492
10; 487
11; 484
12; 482
13; 484
14; 483
15; 480
0; 472
1; 467
2; 467
3; 463
4; 460
5; 455
6; 456
7; 461
8; 463
9; 468
10; 470
11; 472
12; 476
13; 476
14; 474
15; 473
0; 476
1; 482
2; 482
3; 484
4; 485
5; 486
6; 488
7; 486
8; 484
9; 486
10; 486
11; 487
12; 486
13; 486
14; 486
15; 485
0; 487
1; 488
2; 490
3; 495
4; 494
5; 491
6; 495
7; 498
8; 500
9; 500
10; 504
11; 499
12; 494
13; 489
14; 486
15; 487
0; 486
1; 485
2; 487
3; 490
4; 497
5; 504
6; 506
7; 508
8; 509
9; 519
10; 528
11; 536
12; 546
13; 556
14; 569
15; 577
0; 585
1; 595
2; 605
3; 618
4; 624
5; 628
6; 632
7; 631
8; 622
9; 609
10; 603
11; 596
12; 590
13; 587
14; 581
15; 575
0; 568
1; 558
2; 551
3; 542
4; 536
5; 524
6; 512
7; 503
8; 485
9; 472
10; 464
11; 456
12; 452
13; 443
14; 435
15; 433
0; 433
1; 432
2; 426
3; 428
4; 433
5; 437
6; 440
7; 441
8; 441
9; 442
10; 442
11; 448
12; 452
13; 457
14; 463
15; 459
0; 462
1; 468
2; 475
3; 481
4; 485
5; 491
6; 490
7; 490
8; 490
9; 489
10; 494
11; 495
12; 497
13; 503
14; 505
15; 506
0; 509
1; 510
2; 511
3; 513
4; 517
5; 516
6; 515
7; 520
8; 521
9; 520
10; 518
11; 523
12; 528
13; 523
14; 525
15; 526
0; 524
1; 521
2; 521
3; 521
4; 518
5; 519
6; 517
7; 519
8; 521
9; 524
10; 528
11; 529
12; 533
13; 533
14; 532
15; 532
0; 526
1; 519
2; 525
3; 527
4; 527
5; 525
6; 524
7; 526
8; 526
9; 525
10; 526
11; 524
12; 530
13; 533
14; 532
15; 535
0; 534
1; 536
2; 537
3; 540
4; 542
5; 542
6; 545
7; 547
8; 548
9; 547
10; 542
11; 541
12; 538
13; 543
14; 548
15; 551
0; 553
1; 553
2; 552
3; 549
4; 547
5; 550
6; 549
7; 547
8; 547
9; 553
10; 563
11; 563
12; 569
13; 572
14; 577
15; 581
0; 576
1; 572
2; 570
3; 570
4; 570
5; 566
6; 566
7; 569
8; 571
9; 572
10; 572
11; 573
12; 572
13; 573
14; 580
15; 582
0; 579
1; 575
2; 568
3; 569
4; 569
5; 568
6; 563
7; 562
8; 565
9; 562
10; 563
11; 562
12; 558
13; 558
14; 556
15; 551
0; 549
1; 547
2; 545
3; 546
4; 548
5; 542
6; 536
7; 534
8; 528
9; 528
10; 523
11; 518
12; 516
13; 517
14; 515
15; 514
0; 518
1; 523
2; 521
3; 519
4; 512
5; 507
6; 507
7; 504
8; 504
9; 503
10; 500
11; 499
12; 498
13; 497
14; 490
15; 485
0; 486
1; 486
2; 488
3; 486
4; 484
5; 484
6; 482
7; 481
8; 478
9; 478
10; 481
11; 480
12; 481
13; 479
14; 476
15; 477
0; 478
1; 483
2; 483
3; 480
4; 483
5; 482
6; 480
7; 479
8; 476
9; 473
10; 470
11; 470
12; 470
13; 470
14; 473
15; 478
0; 480
1; 480
2; 478
3; 480
4; 478
5; 480
6; 482
7; 481
8; 483
9; 480
10; 479
11; 480
12; 481
13; 487
14; 486
15; 486
0; 484
1; 481
2; 484
3; 482
4; 483
5; 483
6; 485
7; 487
8; 485
9; 485
10; 486
11; 484
12; 483
13; 482
14; 488
15; 488
0; 485
1; 486
2; 487
3; 486
4; 486
5; 489
6; 491
7; 489
8; 490
9; 491
10; 492
11; 494
12; 493
13; 491
14; 489
15; 488
0; 491
1; 490
2; 492
3; 492
4; 489
5; 491
6; 494
7; 494
8; 496
9; 496
10; 499
11; 497
12; 497
13; 498
14; 496
15; 499
0; 497
1; 495
2; 496
3; 496
4; 495
5; 493
6; 493
7; 495
8; 497
9; 502
10; 504
11; 507
12; 508
13; 508
14; 510
15; 508
0; 510
1; 509
2; 507
3; 505
4; 504
5; 505
6; 504
7; 505
8; 509
9; 508
10; 508
11; 507
12; 503
13; 505
14; 504
15; 504
0; 504
1; 504
2; 507
3; 506
4; 511
5; 512
6; 510
7; 509
8; 504
9; 499
10; 498
11; 495
12; 500
13; 503
14; 503
15; 504
0; 500
1; 498
2; 492
3; 491
4; 490
5; 488
6; 488
7; 483
8; 484
9; 485
10; 486
11; 488
12; 487
13; 488
14; 489
15; 490
0; 490
1; 487
2; 485
3; 484
4; 484
5; 486
6; 483
7; 483
8; 483
9; 481
10; 483
11; 479
12; 480
13; 481
14; 483
15; 487
0; 486
1; 491
2; 493
3; 491
4; 494
5; 494
6; 495
7; 495
8; 494
9; 494
10; 492
11; 494
12; 492
13; 492
14; 494
15; 492
0; 489
1; 491
2; 492
3; 495
4; 492
5; 492
6; 491
7; 490
8; 487
9; 492
10; 496
11; 494
12; 491
13; 489
14; 484
15; 480
0; 475
1; 472
2; 473
3; 471
4; 470
5; 469
6; 467
7; 468
8; 468
9; 470
10; 472
11; 474
12; 478
13; 480
14; 485
15; 489
0; 494
1; 504
2; 512
3; 521
4; 529
5; 538
6; 553
7; 564
8; 578
9; 588
10; 600
11; 613
12; 621
13; 627
14; 634
15; 637
0; 639
1; 633
2; 625
3; 615
4; 604
5; 598
6; 589
7; 583
8; 575
9; 569
10; 565
11; 556
12; 549
13; 539
14; 526
15; 517
0; 502
1; 488
2; 473
3; 459
4; 451
5; 444
6; 441
7; 438
8; 434
9; 436
10; 435
11; 437
12; 439
13; 438
14; 439
15; 437
0; 438
1; 438
2; 440
3; 443
4; 444
5; 444
6; 447
7; 449
8; 452
9; 456
10; 459
11; 464
12; 466
13; 471
14; 472
15; 476
0; 479
1; 482
2; 487
3; 488
4; 491
5; 493
6; 496
7; 501
8; 498
9; 499
10; 502
11; 503
12; 505
13; 505
14; 504
15; 504
0; 499
1; 501
2; 502
3; 502
4; 502
5; 500
6; 503
7; 503
8; 504
9; 505
10; 507
11; 511
12; 509
13; 507
14; 506
15; 505
0; 507
1; 507
2; 507
3; 507
4; 508
5; 512
6; 512
7; 512
8; 513
9; 514
10; 519
11; 519
12; 520
13; 522
14; 521
15; 523
0; 521
1; 521
2; 522
3; 523
4; 525
5; 524
6; 527
7; 528
8; 527
9; 527
10; 526
11; 526
12; 527
13; 528
14; 528
15; 531
0; 531
1; 532
2; 532
3; 536
4; 536
5; 540
6; 541
7; 541
8; 544
9; 543
10; 546
11; 549
12; 551
13; 555
14; 557
15; 557
0; 555
1; 553
2; 557
3; 557
4; 558
5; 558
6; 559
7; 562
8; 562
9; 567
10; 568
11; 566
12; 567
13; 566
14; 568
15; 571
0; 571
1; 574
2; 575
3; 573
4; 573
5; 572
6; 571
7; 571
8; 569
9; 568
10; 563
11; 563
12; 560
13; 559
14; 561
15; 560
0; 560
1; 557
2; 557
3; 556
4; 553
5; 553
6; 550
7; 547
8; 544
9; 541
10; 540
11; 538
12; 537
13; 536
14; 533
15; 532
0; 530
1; 530
2; 529
3; 525
4; 527
5; 525
6; 524
7; 522
8; 519
9; 520
10; 519
11; 516
12; 512
13; 509
14; 511
15; 508
0; 506
1; 505
2; 504
3; 504
4; 503
5; 500
6; 499
7; 497
8; 497
9; 494
10; 494
11; 493
12; 492
13; 490
14; 489
15; 489
0; 487
1; 484
2; 487
3; 484
4; 481
5; 480
6; 479
7; 480
8; 480
9; 482
10; 485
11; 484
12; 486
13; 484
14; 483
15; 484
0; 485
1; 487
2; 485
3; 485
4; 485
5; 485
6; 485
7; 483
8; 484
9; 485
10; 486
11; 487
12; 489
13; 489
14; 488
15; 487
0; 487
1; 486
2; 486
3; 484
4; 483
5; 487
6; 487
7; 489
8; 488
9; 487
10; 488
11; 489
12; 491
13; 492
14; 491
15; 493
0; 492
1; 492
2; 492
3; 490
4; 492
5; 491
6; 491
7; 492
8; 491
9; 492
10; 492
11; 492
12; 492
13; 491
14; 494
15; 493
0; 495
1; 493
2; 491
3; 496
4; 495
5; 495
6; 494
7; 493
8; 497
9; 497
10; 498
11; 498
12; 497
13; 499
14; 497
15; 498
0; 499
1; 498
2; 500
3; 499
4; 501
5; 502
6; 502
7; 505
8; 504
9; 504
10; 504
11; 503
12; 505
13; 504
14; 504
15; 503
0; 502
1; 504
2; 505
3; 507
4; 506
5; 504
6; 505
7; 505
8; 506
9; 507
10; 506
11; 508
12; 508
13; 509
14; 510
15; 510
0; 513
1; 512
2; 514
3; 515
4; 514
5; 516
6; 515
7; 515
8; 514
9; 512
10; 513
11; 511
12; 510
13; 508
14; 506
15; 509
0; 508
1; 511
2; 512
3; 512
4; 515
5; 513
6; 514
7; 514
8; 512
9; 515
10; 515
11; 516
12; 514
13; 512
14; 511
15; 511
0; 509
1; 508
2; 504
3; 504
4; 501
5; 500
6; 499
7; 497
8; 499
9; 496
10; 497
11; 496
12; 493
13; 494
14; 492
15; 492
0; 491
1; 490
2; 493
3; 491
4; 490
5; 490
6; 489
7; 492
8; 491
9; 490
10; 489
11; 487
12; 488
13; 487
14; 491
15; 492
0; 490
1; 492
2; 491
3; 492
4; 493
5; 493
6; 496
7; 495
8; 495
9; 495
10; 493
11; 495
12; 493
13; 494
14; 495
15; 494
0; 494
1; 491
2; 491
3; 492
4; 491
5; 494
6; 493
7; 493
8; 492
9; 491
10; 494
11; 494
12; 494
13; 492
14; 490
15; 492
0; 489
1; 487
2; 485
3; 483
4; 485
5; 483
6; 483
7; 483
8; 484
9; 487
10; 487
11; 488
12; 489
13; 491
14; 496
15; 499
0; 504
1; 511
2; 516
3; 526
4; 533
5; 542
6; 551
7; 559
8; 570
9; 579
10; 589
11; 598
12; 605
13; 614
14; 617
15; 623
0; 627
1; 631
2; 637
3; 635
4; 630
5; 619
6; 608
7; 598
8; 589
9; 581
10; 572
11; 564
12; 559
13; 548
14; 539
15; 529
0; 515
1; 504
2; 491
3; 478
4; 465
5; 452
6; 446
7; 438
8; 434
9; 433
10; 432
11; 434
12; 433
13; 433
14; 434
15; 436
0; 440
1; 440
2; 443
3; 446
4; 448
5; 454
6; 457
7; 461
8; 465
9; 468
10; 474
11; 475
12; 477
13; 480
14; 482
15; 487
0; 490
1; 493
2; 496
3; 497
4; 501
5; 502
6; 504
7; 505
8; 504
9; 507
10; 508
11; 508
12; 507
13; 506
14; 509
15; 508
0; 508
1; 509
2; 508
3; 511
4; 512
5; 513
6; 514
7; 513
8; 515
9; 513
10; 514
11; 515
12; 514
13; 515
14; 514
15; 515
0; 513
1; 512
2; 515
3; 512
4; 513
5; 513
6; 513
7; 516
8; 515
9; 516
10; 516
11; 515
12; 519
13; 519
14; 520
15; 521
0; 521
1; 524
2; 521
3; 521
4; 523
5; 523
6; 525
7; 524
8; 524
9; 524
10; 524
11; 528
12; 527
13; 528
14; 530
15; 531
0; 534
1; 534
2; 535
3; 536
4; 536
5; 540
6; 540
7; 541
8; 543
9; 543
10; 545
11; 546
12; 547
13; 548
14; 548
15; 552
0; 551
1; 551
2; 553
3; 553
4; 556
5; 556
6; 557
7; 559
8; 559
9; 561
10; 560
11; 562
12; 564
13; 562
14; 566
15; 566
0; 567
1; 567
2; 567
3; 570
4; 570
5; 573
6; 572
7; 572
8; 574
9; 572
10; 571
11; 569
12; 566
13; 568
14; 566
15; 565
0; 564
1; 562
2; 564
3; 561
4; 559
5; 558
6; 555
7; 556
8; 553
9; 551
10; 548
11; 544
12; 543
13; 540
14; 538
15; 536
0; 534
1; 534
2; 531
3; 530
4; 529
5; 526
6; 525
7; 522
8; 519
9; 518
10; 515
11; 515
12; 512
13; 510
14; 508
15; 506
0; 507
1; 504
2; 503
3; 502
4; 500
5; 500
6; 497
7; 497
8; 497
9; 493
10; 494
11; 492
12; 491
13; 490
14; 489
15; 492
0; 489
1; 489
2; 490
3; 488
4; 491
5; 489
6; 489
7; 486
8; 486
9; 485
10; 482
11; 481
12; 480
13; 479
14; 480
15; 480
0; 480
1; 480
2; 479
3; 481
4; 480
5; 480
6; 480
7; 479
8; 482
9; 481
10; 480
11; 480
12; 478
13; 480
14; 479
15; 479
0; 479
1; 477
2; 480
3; 480
4; 480
5; 481
6; 481
7; 484
8; 484
9; 484
10; 485
11; 483
12; 486
13; 483
14; 483
15; 482
0; 480
1; 482
2; 481
3; 481
4; 481
5; 480
6; 483
7; 483
8; 485
9; 485
10; 483
11; 484
12; 485
13; 485
14; 484
15; 483
0; 485
1; 484
2; 487
3; 487
4; 487
5; 489
6; 487
7; 487
8; 485
9; 483
10; 483
11; 480
12; 481
13; 481
14; 482
15; 486
0; 485
1; 485
2; 487
3; 486
4; 488
5; 489
6; 492
7; 494
8; 494
9; 497
10; 498
11; 499
12; 499
13; 498
14; 500
15; 500
0; 499
1; 499
2; 498
3; 499
4; 497
5; 497
6; 499
7; 498
8; 500
9; 500
10; 502
11; 503
12; 503
13; 506
14; 506
15; 508
0; 508
1; 508
2; 511
3; 510
4; 512
5; 513
6; 513
7; 516
8; 514
9; 515
10; 515
11; 513
12; 513
13; 511
14; 512
15; 510
0; 508
1; 510
2; 509
3; 510
4; 510
5; 510
6; 513
7; 513
8; 514
9; 515
10; 513
11; 515
12; 514
13; 513
14; 512
15; 509
0; 509
1; 508
2; 507
3; 505
4; 503
5; 503
6; 502
7; 500
8; 498
9; 496
10; 497
11; 495
12; 492
13; 492
14; 488
15; 487
0; 486
1; 484
2; 483
3; 482
4; 483
5; 483
6; 483
7; 484
8; 483
9; 484
10; 486
11; 486
12; 485
13; 484
14; 486
15; 485
0; 485
1; 486
2; 484
3; 486
4; 485
5; 487
6; 484
7; 481
8; 486
9; 485
10; 484
11; 485
12; 485
13; 487
14; 488
15; 489
0; 489
1; 487
2; 488
3; 486
4; 486
5; 486
6; 485
7; 487
8; 485
9; 484
10; 485
11; 484
12; 485
13; 484
14; 486
15; 486
0; 483
1; 483
2; 482
3; 481
4; 481
5; 478
6; 479
7; 476
8; 475
9; 476
10; 476
11; 477
12; 477
13; 478
14; 480
15; 481
0; 486
1; 489
2; 494
3; 499
4; 503
5; 512
6; 519
7; 529
8; 537
9; 545
10; 555
11; 562
12; 573
13; 583
14; 592
15; 604
0; 609
1; 614
2; 619
3; 622
4; 627
5; 629
6; 632
7; 630
8; 619
9; 609
10; 595
11; 585
12; 576
13; 567
14; 562
15; 552
0; 543
1; 534
2; 524
3; 515
4; 503
5; 491
6; 477
7; 463
8; 450
9; 437
10; 428
11; 422
12; 418
13; 417
14; 413
15; 413
0; 414
1; 414
2; 417
3; 419
4; 420
5; 423
6; 427
7; 432
8; 436
9; 441
10; 446
11; 451
12; 459
13; 462
14; 467
15; 471
0; 474
1; 479
2; 481
3; 485
4; 487
5; 487
6; 492
7; 493
8; 494
9; 496
10; 498
11; 501
12; 500
13; 502
14; 503
15; 502
0; 504
1; 505
2; 508
3; 508
4; 506
5; 507
6; 509
7; 510
8; 509
9; 508
10; 510
11; 509
12; 510
13; 512
14; 510
15; 512
0; 512
1; 511
2; 511
3; 510
4; 512
5; 511
6; 514
7; 515
8; 515
9; 518
10; 516
11; 518
12; 519
13; 516
14; 520
15; 522
0; 523
1; 523
2; 521
3; 521
4; 521
5; 522
6; 522
7; 521
8; 524
9; 523
10; 523
11; 523
12; 525
13; 530
14; 531
15; 533
0; 534
1; 534
2; 536
3; 536
4; 536
5; 538
6; 539
7; 540
8; 540
9; 540
10; 540
11; 540
12; 544
13; 545
14; 548
15; 551
0; 551
1; 556
2; 558
3; 559
4; 561
5; 561
6; 563
7; 565
8; 568
9; 568
10; 568
11; 572
12; 573
13; 575
14; 577
15; 577
0; 582
1; 582
2; 583
3; 584
4; 584
5; 588
6; 587
7; 586
8; 586
9; 584
10; 587
11; 584
12; 583
13; 582
14; 581
15; 582
0; 578
1; 578
2; 579
3; 576
4; 576
5; 572
6; 571
7; 571
8; 567
9; 567
10; 563
11; 561
12; 560
13; 557
14; 557
15; 555
0; 552
1; 551
2; 548
3; 548
4; 543
5; 542
6; 539
7; 535
8; 535
9; 531
10; 530
11; 528
12; 524
13; 524
14; 521
15; 521
0; 518
1; 513
2; 513
3; 509
4; 507
5; 505
6; 500
7; 500
8; 498
9; 499
10; 498
11; 495
12; 494
13; 490
14; 490
15; 490
0; 488
1; 489
2; 487
3; 486
4; 485
5; 484
6; 486
7; 483
8; 481
9; 481
10; 480
11; 480
12; 476
13; 477
14; 477
15; 476
0; 477
1; 477
2; 476
3; 476
4; 475
5; 476
6; 476
7; 477
8; 476
9; 476
10; 477
11; 476
12; 476
13; 476
14; 476
15; 478
0; 476
1; 476
2; 475
3; 473
4; 475
5; 474
6; 475
7; 476
8; 475
9; 476
10; 476
11; 478
12; 476
13; 475
14; 476
15; 476
0; 478
1; 477
2; 476
3; 478
4; 475
5; 475
6; 476
7; 476
8; 477
9; 476
10; 476
11; 475
12; 473
13; 476
14; 477
15; 479
0; 479
1; 479
2; 481
3; 479
4; 479
5; 480
6; 479
7; 481
8; 480
9; 481
10; 483
11; 484
12; 487
13; 484
14; 485
15; 485
0; 483
1; 485
2; 484
3; 487
4; 487
5; 487
6; 489
7; 487
8; 487
9; 486
10; 486
11; 490
12; 490
13; 491
14; 491
15; 491
0; 495
1; 493
2; 495
3; 495
4; 495
5; 497
6; 495
7; 494
8; 493
9; 492
10; 495
11; 491
12; 489
13; 487
14; 487
15; 488
0; 486
1; 485
2; 487
3; 488
4; 492
5; 492
6; 495
7; 498
8; 500
9; 505
10; 505
11; 508
12; 511
13; 512
14; 516
15; 515
0; 515
1; 514
2; 515
3; 519
4; 518
5; 519
6; 517
7; 515
8; 516
9; 514
10; 515
11; 514
12; 514
13; 518
14; 517
15; 518
0; 519
1; 518
2; 520
3; 518
4; 518
5; 517
6; 516
7; 517
8; 515
9; 515
10; 512
11; 511
12; 511
13; 508
14; 508
15; 506
0; 504
1; 503
2; 502
3; 500
4; 498
5; 495
6; 494
7; 492
8; 492
9; 490
10; 489
11; 491
12; 489
13; 490
14; 488
15; 487
0; 488
1; 487
2; 487
3; 487
4; 487
5; 488
6; 487
7; 488
8; 487
9; 486
10; 487
11; 487
12; 489
13; 490
14; 489
15; 492
0; 493
1; 493
2; 494
3; 493
4; 495
5; 494
6; 494
7; 494
8; 492
9; 494
10; 493
11; 493
12; 494
13; 492
14; 495
15; 494
0; 494
1; 493
2; 492
3; 493
4; 491
5; 491
6; 491
7; 489
8; 490
9; 488
10; 487
11; 486
12; 483
13; 484
14; 482
15; 481
0; 478
1; 475
2; 476
3; 473
4; 472
5; 472
6; 471
7; 474
8; 474
9; 476
10; 480
11; 484
12; 491
13; 496
14; 505
15; 512
0; 519
1; 531
2; 539
3; 550
4; 561
5; 572
6; 587
7; 596
8; 607
9; 615
10; 622
11; 627
12; 634
13; 639
14; 644
15; 647
0; 643
1; 630
2; 616
3; 604
4; 592
5; 580
6; 571
7; 561
8; 551
9; 542
10; 534
11; 522
12; 509
13; 495
14; 478
15; 466
0; 448
1; 434
2; 422
3; 413
4; 410
5; 405
6; 403
7; 404
8; 405
9; 409
10; 411
11; 413
12; 415
13; 416
14; 422
15; 426
0; 431
1; 436
2; 439
3; 444
4; 449
5; 455
6; 461
7; 465
8; 472
9; 476
10; 481
11; 485
12; 487
13; 492
14; 495
15; 499
0; 501
1; 502
2; 503
3; 503
4; 505
5; 508
6; 508
7; 512
8; 511
9; 511
10; 510
11; 509
12; 511
13; 510
14; 511
15; 512
0; 514
1; 518
2; 516
3; 518
4; 518
5; 517
6; 522
7; 521
8; 523
9; 523
10; 521
11; 522
12; 521
13; 522
14; 522
15; 524
0; 527
1; 527
2; 526
3; 525
4; 526
5; 529
6; 527
7; 528
8; 528
9; 528
10; 531
11; 528
12; 529
13; 529
14; 531
15; 534
0; 534
1; 532
2; 533
3; 534
4; 536
5; 535
6; 536
7; 538
8; 536
9; 539
10; 539
11; 540
12; 542
13; 543
14; 546
15; 546
0; 547
1; 549
2; 549
3; 551
4; 551
5; 555
6; 556
7; 556
8; 561
9; 560
10; 561
11; 563
12; 564
13; 568
14; 567
15; 570
0; 572
1; 573
2; 578
3; 577
4; 580
5; 582
6; 584
7; 590
8; 590
9; 591
10; 590
11; 588
12; 590
13; 591
14; 594
15; 596
0; 595
1; 596
2; 595
3; 595
4; 594
5; 591
6; 592
7; 592
8; 590
9; 589
10; 585
11; 586
12; 583
13; 583
14; 584
15; 582
0; 582
1; 577
2; 575
3; 572
4; 568
5; 568
6; 563
7; 560
8; 556
9; 552
10; 555
11; 551
12; 547
13; 545
14; 543
15; 543
0; 537
1; 534
2; 532
3; 530
4; 529
5; 524
6; 522
7; 521
8; 518
9; 518
10; 515
11; 513
12; 512
13; 508
14; 508
15; 502
0; 501
1; 500
2; 497
3; 498
4; 495
5; 493
6; 491
7; 490
8; 492
9; 487
10; 486
11; 484
12; 484
13; 484
14; 480
15; 478
0; 476
1; 474
2; 476
3; 474
4; 472
5; 470
6; 468
7; 470
8; 469
9; 471
10; 472
11; 472
12; 473
13; 473
14; 470
15; 471
0; 468
1; 468
2; 465
3; 467
4; 467
5; 467
6; 468
7; 467
8; 470
9; 470
10; 468
11; 471
12; 469
13; 467
14; 469
15; 470
0; 472
1; 471
2; 471
3; 471
4; 471
5; 473
6; 472
7; 471
8; 470
9; 470
10; 472
11; 470
12; 472
13; 473
14; 471
15; 472
0; 470
1; 472
2; 472
3; 472
4; 474
5; 472
6; 474
7; 474
8; 473
9; 476
10; 476
11; 475
12; 476
13; 476
14; 478
15; 475
0; 474
1; 477
2; 479
3; 479
4; 478
5; 479
6; 478
7; 476
8; 479
9; 480
10; 483
11; 482
12; 482
13; 486
14; 485
15; 485
0; 485
1; 484
2; 486
3; 486
4; 490
5; 490
6; 485
7; 487
8; 486
9; 486
10; 485
11; 486
12; 487
13; 487
14; 490
15; 490
0; 489
1; 492
2; 492
3; 493
4; 493
5; 495
6; 497
7; 498
8; 498
9; 497
10; 497
11; 500
12; 502
13; 505
14; 505
15; 504
0; 504
1; 504
2; 504
3; 505
4; 505
5; 506
6; 504
7; 504
8; 505
9; 503
10; 504
11; 502
12; 500
13; 499
14; 501
15; 504
0; 505
1; 506
2; 505
3; 506
4; 508
5; 508
6; 509
7; 509
8; 506
9; 508
10; 504
11; 501
12; 501
13; 499
14; 498
15; 494
0; 493
1; 490
2; 484
3; 486
4; 484
5; 480
6; 480
7; 480
8; 483
9; 486
10; 487
11; 486
12; 484
13; 487
14; 488
15; 487
0; 484
1; 483
2; 487
3; 485
4; 483
5; 483
6; 481
7; 483
8; 479
9; 479
10; 483
11; 482
12; 484
13; 484
14; 483
15; 484
0; 481
1; 483
2; 483
3; 482
4; 483
5; 483
6; 486
7; 484
8; 487
9; 489
10; 487
11; 489
12; 487
13; 489
14; 487
15; 487
0; 488
1; 487
2; 487
3; 486
4; 483
5; 486
6; 485
7; 485
8; 485
9; 483
10; 483
11; 483
12; 483
13; 481
14; 478
15; 481
0; 482
1; 480
2; 477
3; 474
4; 474
5; 470
6; 467
7; 468
8; 468
9; 472
10; 473
11; 473
12; 480
13; 483
14; 490
15; 497
0; 503
1; 510
2; 517
3; 526
4; 532
5; 542
6; 550
7; 559
8; 571
9; 582
10; 591
11; 601
12; 612
13; 624
14; 627
15; 633
0; 631
1; 623
2; 616
3; 600
4; 587
5; 576
6; 562
7; 558
8; 554
9; 548
10; 538
11; 532
12; 525
13; 511
14; 500
15; 489
0; 476
1; 463
2; 447
3; 435
4; 427
5; 422
6; 422
7; 422
8; 420
9; 419
10; 423
11; 428
12; 425
13; 425
14; 425
15; 425
0; 428
1; 430
2; 433
3; 432
4; 436
5; 444
6; 446
7; 451
8; 455
9; 457
10; 462
11; 464
12; 468
13; 470
14; 472
15; 479
0; 483
1; 489
2; 493
3; 492
4; 495
5; 496
6; 505
7; 508
8; 507
9; 512
10; 512
11; 508
12; 507
13; 507
14; 511
15; 515
0; 516
1; 515
2; 513
3; 515
4; 515
5; 519
6; 521
7; 519
8; 522
9; 520
10; 519
11; 517
12; 515
13; 517
14; 518
15; 520
0; 520
1; 521
2; 523
3; 521
4; 519
5; 519
6; 519
7; 518
8; 517
9; 518
10; 517
11; 516
12; 520
13; 519
14; 521
15; 524
0; 525
1; 525
2; 526
3; 528
4; 529
5; 527
6; 529
7; 529
8; 531
9; 530
10; 529
11; 534
12; 537
13; 534
14; 528
15; 530
0; 534
1; 533
2; 535
3; 536
4; 539
5; 545
6; 548
7; 549
8; 549
9; 548
10; 551
11; 551
12; 552
13; 555
14; 558
15; 561
0; 561
1; 560
2; 566
3; 566
4; 570
5; 568
6; 571
7; 572
8; 567
9; 570
10; 575
11; 576
12; 577
13; 574
14; 581
15; 581
0; 583
1; 583
2; 581
3; 586
4; 587
5; 588
6; 591
7; 588
8; 590
9; 588
10; 583
11; 580
12; 579
13; 580
14; 576
15; 576
0; 571
1; 566
2; 567
3; 563
4; 561
5; 560
6; 558
7; 561
8; 558
9; 558
10; 554
11; 547
12; 547
13; 545
14; 544
15; 542
0; 536
1; 535
2; 536
3; 536
4; 536
5; 532
6; 526
7; 518
8; 515
9; 513
10; 513
11; 516
12; 514
13; 515
14; 510
15; 504
0; 507
1; 504
2; 503
3; 499
4; 493
5; 494
6; 492
7; 490
8; 490
9; 490
10; 491
11; 488
12; 487
13; 486
14; 485
15; 488
0; 484
1; 483
2; 482
3; 482
4; 485
5; 479
6; 478
7; 477
8; 476
9; 480
10; 482
11; 481
12; 479
13; 476
14; 480
15; 482
0; 480
1; 477
2; 472
3; 471
4; 472
5; 474
6; 475
7; 475
8; 477
9; 473
10; 473
11; 475
12; 472
13; 471
14; 469
15; 471
0; 471
1; 470
2; 474
3; 476
4; 476
5; 473
6; 474
7; 479
8; 478
9; 481
10; 483
11; 481
12; 480
13; 479
14; 478
15; 479
0; 480
1; 483
2; 481
3; 480
4; 479
5; 480
6; 484
7; 484
8; 485
9; 484
10; 483
11; 485
12; 483
13; 484
14; 482
15; 481
0; 485
1; 483
2; 484
3; 480
4; 476
5; 480
6; 484
7; 488
8; 488
9; 489
10; 492
11; 493
12; 494
13; 493
14; 493
15; 495
0; 492
1; 495
2; 496
3; 496
4; 496
5; 497
6; 496
7; 495
8; 495
9; 499
10; 499
11; 497
12; 496
13; 494
14; 496
15; 494
0; 495
1; 495
2; 497
3; 499
4; 501
5; 504
6; 504
7; 504
8; 505
9; 505
10; 506
11; 503
12; 502
13; 504
14; 502
15; 503
0; 503
1; 504
2; 505
3; 504
4; 504
5; 502
6; 501
7; 502
8; 500
9; 500
10; 503
11; 503
12; 505
13; 504
14; 502
15; 500
0; 502
1; 504
2; 500
3; 500
4; 500
5; 501
6; 506
7; 504
8; 501
9; 499
10; 498
11; 497
12; 493
13; 493
14; 489
15; 487
0; 487
1; 483
2; 483
3; 484
4; 483
5; 485
6; 484
7; 485
8; 485
9; 485
10; 488
11; 486
12; 486
13; 486
14; 485
15; 488
0; 487
1; 486
2; 484
3; 484
4; 485
5; 484
6; 485
7; 484
8; 483
9; 484
10; 485
11; 485
12; 485
13; 483
14; 485
15; 484
0; 484
1; 483
2; 481
3; 482
4; 482
5; 483
6; 484
7; 484
8; 486
9; 486
10; 489
11; 489
12; 487
13; 488
14; 489
15; 492
0; 491
1; 492
2; 493
3; 490
4; 491
5; 489
6; 485
7; 485
8; 480
9; 479
10; 477
11; 474
12; 473
13; 471
14; 470
15; 471
0; 471
1; 473
2; 474
3; 476
4; 479
5; 481
6; 487
7; 489
8; 494
9; 502
10; 509
11; 519
12; 526
13; 536
14; 544
15; 553
0; 567
1; 576
2; 588
3; 599
4; 607
5; 617
6; 622
7; 628
8; 631
9; 629
10; 627
11; 616
12; 609
13; 601
14; 591
15; 588
0; 582
1; 576
2; 569
3; 560
4; 556
5; 547
6; 539
7; 529
8; 516
9; 506
10; 491
11; 475
12; 462
13; 452
14; 448
15; 442
0; 440
1; 439
2; 437
3; 438
4; 438
5; 438
6; 441
7; 443
8; 444
9; 441
10; 441
11; 440
12; 439
13; 440
14; 443
15; 445
0; 447
1; 450
2; 455
3; 459
4; 466
5; 471
6; 475
7; 480
8; 482
9; 486
10; 488
11; 489
12; 493
13; 494
14; 495
15; 496
0; 496
1; 499
2; 500
3; 504
4; 506
5; 505
6; 508
7; 508
8; 509
9; 511
10; 511
11; 514
12; 513
13; 514
14; 515
15; 514
0; 515
1; 512
2; 514
3; 515
4; 514
5; 516
6; 515
7; 515
8; 515
9; 514
10; 516
11; 516
12; 518
13; 518
14; 517
15; 519
0; 519
1; 520
2; 521
3; 521
4; 524
5; 525
6; 526
7; 527
8; 526
9; 527
10; 526
11; 526
12; 527
13; 528
14; 531
15; 531
0; 531
1; 532
2; 532
3; 534
4; 532
5; 534
6; 536
7; 536
8; 539
9; 539
10; 540
11; 540
12; 542
13; 545
14; 541
15; 542
0; 545
1; 546
2; 550
3; 551
4; 554
5; 558
6; 560
7; 560
8; 558
9; 559
10; 561
11; 562
12; 565
13; 566
14; 568
15; 569
0; 569
1; 572
2; 572
3; 574
4; 574
5; 573
6; 576
7; 575
8; 575
9; 575
10; 575
11; 578
12; 575
13; 576
14; 577
15; 577
0; 579
1; 576
2; 575
3; 574
4; 573
5; 574
6; 571
7; 570
8; 570
9; 568
10; 568
11; 567
12; 566
13; 564
14; 561
15; 561
0; 558
1; 555
2; 554
3; 551
4; 550
5; 547
6; 546
7; 543
8; 540
9; 538
10; 536
11; 535
12; 533
13; 530
14; 528
15; 526
0; 524
1; 523
2; 520
3; 519
4; 516
5; 514
6; 512
7; 511
8; 511
9; 509
10; 509
11; 508
12; 507
13; 508
14; 505
15; 504
0; 502
1; 499
2; 500
3; 497
4; 497
5; 495
6; 494
7; 496
8; 494
9; 494
10; 494
11; 492
12; 495
13; 494
14; 494
15; 493
0; 491
1; 493
2; 491
3; 491
4; 489
5; 487
6; 489
7; 488
8; 487
9; 487
10; 486
11; 488
12; 486
13; 486
14; 485
15; 483
0; 486
1; 485
2; 486
3; 486
4; 486
5; 490
6; 490
7; 492
8; 493
9; 495
10; 496
11; 495
12; 495
13; 495
14; 495
15; 496
0; 495
1; 495
2; 495
3; 494
4; 496
5; 496
6; 496
7; 497
8; 495
9; 496
10; 496
11; 495
12; 495
13; 492
14; 494
15; 491
0; 492
1; 492
2; 491
3; 493
4; 493
5; 493
6; 494
7; 494
8; 495
9; 493
10; 493
11; 494
12; 493
13; 496
14; 494
15; 494
0; 494
1; 493
2; 495
3; 495
4; 496
5; 496
6; 496
7; 498
8; 497
9; 499
10; 499
11; 498
12; 500
13; 499
14; 500
15; 501
0; 500
1; 502
2; 500
3; 502
4; 501
5; 502
6; 503
7; 501
8; 502
9; 500
10; 498
11; 501
12; 498
13; 499
14; 499
15; 499
0; 500
1; 499
2; 500
3; 500
4; 500
5; 504
6; 504
7; 506
8; 508
9; 511
10; 516
11; 517
12; 519
13; 521
14; 521
15; 524
0; 523
1; 525
2; 524
3; 522
4; 524
5; 520
6; 520
7; 519
8; 517
9; 519
10; 516
11; 515
12; 514
13; 514
14; 516
15; 514
0; 514
1; 515
2; 515
3; 518
4; 517
5; 518
6; 519
7; 519
8; 521
9; 519
10; 519
11; 518
12; 515
13; 516
14; 513
15; 512
0; 510
1; 508
2; 508
3; 504
4; 504
5; 502
6; 499
7; 499
8; 497
9; 495
10; 493
11; 491
12; 490
13; 489
14; 489
15; 490
0; 489
1; 492
2; 489
3; 490
4; 491
5; 490
6; 492
7; 492
8; 491
9; 491
10; 490
11; 493
12; 491
13; 493
14; 494
15; 492
0; 494
1; 492
2; 493
3; 492
4; 490
5; 491
6; 491
7; 492
8; 493
9; 492
10; 495
11; 495
12; 494
13; 494
14; 493
15; 495
0; 493
1; 492
2; 492
3; 491
4; 494
5; 493
6; 493
7; 493
8; 492
9; 495
10; 493
11; 493
12; 493
13; 492
14; 493
15; 489
0; 488
1; 487
2; 487
3; 488
4; 486
5; 486
6; 485
7; 484
8; 487
9; 487
10; 490
11; 492
12; 495
13; 501
14; 505
15; 512
0; 518
1; 524
2; 536
3; 541
4; 551
5; 558
6; 568
7; 580
8; 588
9; 598
10; 606
11; 612
12; 620
13; 624
14; 629
15; 632
0; 636
1; 640
2; 633
3; 624
4; 611
5; 599
6; 592
7; 580
8; 572
9; 564
10; 556
11; 549
12; 536
13; 527
14; 516
15; 503
0; 493
1; 480
2; 465
3; 449
4; 438
5; 432
6; 424
7; 422
8; 420
9; 419
10; 422
11; 421
12; 423
13; 425
14; 427
15; 432
0; 433
1; 438
2; 441
3; 444
4; 450
5; 454
6; 459
7; 464
8; 467
9; 474
10; 476
11; 479
12; 481
13; 483
14; 487
15; 488
0; 492
1; 494
2; 495
3; 499
4; 499
5; 501
6; 503
7; 503
8; 506
9; 505
10; 506
11; 506
12; 505
13; 508
14; 506
15; 507
0; 507
1; 506
2; 509
3; 509
4; 510
5; 510
6; 509
7; 512
8; 511
9; 512
10; 512
11; 512
12; 514
13; 513
14; 512
15; 511
0; 509
1; 511
2; 511
3; 512
4; 514
5; 515
6; 518
7; 518
8; 520
9; 521
10; 521
11; 523
12; 520
13; 521
14; 520
15; 519
0; 520
1; 520
2; 520
3; 521
4; 521
5; 523
6; 524
7; 524
8; 525
9; 524
10; 527
11; 527
12; 528
13; 531
14; 534
15; 539
0; 541
1; 543
2; 544
3; 543
4; 548
5; 547
6; 551
7; 552
8; 552
9; 556
10; 555
11; 555
12; 558
13; 557
14; 562
15; 563
0; 566
1; 568
2; 569
3; 572
4; 573
5; 574
6; 575
7; 576
8; 579
9; 579
10; 580
11; 581
12; 579
13; 581
14; 580
15; 581
0; 580
1; 579
2; 580
3; 577
4; 576
5; 575
6; 574
7; 576
8; 575
9; 575
10; 575
11; 573
12; 575
13; 572
14; 571
15; 568
0; 566
1; 566
2; 562
3; 561
4; 559
5; 556
6; 557
7; 555
8; 553
9; 551
10; 549
11; 547
12; 543
13; 543
14; 542
15; 540
0; 539
1; 535
2; 535
3; 534
4; 530
5; 529
6; 525
7; 524
8; 521
9; 518
10; 517
11; 514
12; 512
13; 511
14; 508
15; 508
0; 506
1; 506
2; 504
3; 500
4; 497
5; 497
6; 497
7; 495
8; 493
9; 493
10; 490
11; 489
12; 488
13; 487
14; 487
15; 484
0; 485
1; 483
2; 480
3; 481
4; 481
5; 481
6; 482
7; 481
8; 483
9; 481
10; 481
11; 480
12; 479
13; 481
14; 479
15; 479
0; 478
1; 475
2; 476
3; 475
4; 475
5; 474
6; 474
7; 476
8; 474
9; 475
10; 474
11; 472
12; 472
13; 472
14; 475
15; 476
0; 474
1; 475
2; 475
3; 475
4; 476
5; 477
6; 480
7; 478
8; 478
9; 477
10; 478
11; 481
12; 480
13; 480
14; 480
15; 480
0; 480
1; 478
2; 478
3; 476
4; 476
5; 478
6; 475
7; 475
8; 474
9; 476
10; 476
11; 476
12; 477
13; 477
14; 477
15; 480
0; 481
1; 482
2; 482
3; 480
4; 480
5; 480
6; 480
7; 480
8; 481
9; 484
10; 484
11; 486
12; 487
13; 487
14; 488
15; 488
0; 487
1; 487
2; 486
3; 487
4; 485
5; 487
6; 487
7; 486
8; 488
9; 488
10; 490
11; 491
12; 491
13; 492
14; 492
15; 494
0; 493
1; 494
2; 497
3; 496
4; 496
5; 496
6; 495
7; 498
8; 496
9; 496
10; 496
11; 498
12; 501
13; 501
14; 502
15; 503
0; 505
1; 509
2; 509
3; 509
4; 509
5; 509
6; 510
7; 508
8; 507
9; 506
10; 505
11; 508
12; 508
13; 510
14; 508
15; 507
0; 509
1; 508
2; 510
3; 511
4; 511
5; 512
6; 512
7; 514
8; 513
9; 513
10; 515
11; 514
12; 514
13; 513
14; 511
15; 512
0; 511
1; 510
2; 507
3; 505
4; 507
5; 504
6; 503
7; 502
8; 499
9; 499
10; 496
11; 495
12; 492
13; 489
14; 491
15; 488
0; 487
1; 487
2; 487
3; 487
4; 486
5; 487
6; 486
7; 485
8; 487
9; 486
10; 488
11; 490
12; 489
13; 492
14; 491
15; 494
0; 495
1; 495
2; 498
3; 496
4; 496
5; 494
6; 489
7; 491
8; 489
9; 489
10; 487
11; 485
12; 488
13; 487
14; 488
15; 487
0; 487
1; 490
2; 489
3; 489
4; 491
5; 490
6; 491
7; 490
8; 490
9; 489
10; 487
11; 487
12; 486
13; 487
14; 487
15; 485
0; 486
1; 487
2; 489
3; 489
4; 487
5; 488
6; 485
7; 482
8; 481
9; 478
10; 477
11; 475
12; 476
13; 476
14; 476
15; 480
0; 482
1; 486
2; 491
3; 495
4; 504
5; 510
6; 517
7; 526
8; 534
9; 546
10; 554
11; 565
12; 576
13; 588
14; 600
15; 610
0; 619
1; 625
2; 628
3; 635
4; 636
5; 641
6; 643
7; 635
8; 626
9; 611
10; 600
11; 588
12; 577
13; 571
14; 559
15; 550
0; 540
1; 528
2; 520
3; 508
4; 495
5; 483
6; 468
7; 456
8; 440
9; 428
10; 418
11; 412
12; 408
13; 406
14; 407
15; 408
0; 410
1; 414
2; 415
3; 419
4; 422
5; 425
6; 431
7; 433
8; 438
9; 440
10; 444
11; 450
12; 451
13; 457
14; 462
15; 467
0; 474
1; 476
2; 480
3; 483
4; 484
5; 490
6; 492
7; 495
8; 496
9; 496
10; 499
11; 501
12; 504
13; 504
14; 504
15; 507
0; 506
1; 505
2; 506
3; 506
4; 508
5; 508
6; 510
7; 511
8; 513
9; 517
10; 518
11; 518
12; 518
13; 514
14; 517
15; 517
0; 519
1; 519
2; 519
3; 519
4; 519
5; 520
6; 523
7; 524
8; 528
9; 527
10; 527
11; 526
12; 524
13; 526
14; 525
15; 524
0; 523
1; 520
2; 523
3; 522
4; 524
5; 526
6; 527
7; 530
8; 530
9; 531
10; 533
11; 532
12; 536
13; 535
14; 535
15; 536
0; 534
1; 537
2; 536
3; 537
4; 537
5; 538
6; 543
7; 544
8; 548
9; 549
10; 549
11; 552
12; 551
13; 552
14; 553
15; 556
0; 559
1; 556
2; 559
3; 559
4; 560
5; 564
6; 563
7; 566
8; 567
9; 568
10; 572
11; 573
12; 575
13; 577
14; 579
15; 585
0; 586
1; 587
2; 586
3; 586
4; 590
5; 588
6; 590
7; 589
8; 588
9; 591
10; 589
11; 589
12; 590
13; 588
14; 586
15; 588
0; 589
1; 586
2; 581
3; 582
4; 579
5; 578
6; 576
7; 572
8; 574
9; 572
10; 571
11; 569
12; 567
13; 569
14; 568
15; 568
0; 563
1; 558
2; 559
3; 552
4; 551
5; 549
6; 544
7; 544
8; 540
9; 541
10; 537
11; 532
12; 531
13; 529
14; 528
15; 525
0; 520
1; 520
2; 515
3; 513
4; 509
5; 505
6; 502
7; 499
8; 497
9; 497
10; 493
11; 494
12; 493
13; 491
14; 491
15; 489
0; 487
1; 487
2; 485
3; 484
4; 481
5; 483
6; 480
7; 479
8; 478
9; 477
10; 478
11; 476
12; 477
13; 475
14; 474
15; 475
0; 473
1; 474
2; 473
3; 473
4; 473
5; 473
6; 472
7; 472
8; 470
9; 472
10; 471
11; 472
12; 472
13; 472
14; 475
15; 473
0; 472
1; 472
2; 472
3; 473
4; 472
5; 472
6; 471
7; 471
8; 474
9; 472
10; 472
11; 472
12; 472
13; 473
14; 473
15; 474
0; 475
1; 476
2; 479
3; 477
4; 477
5; 478
6; 477
7; 480
8; 478
9; 477
10; 479
11; 479
12; 477
13; 478
14; 479
15; 477
0; 476
1; 476
2; 473
3; 473
4; 473
5; 472
6; 472
7; 470
8; 470
9; 471
10; 472
11; 476
12; 476
13; 478
14; 480
15; 482
0; 486
1; 486
2; 487
3; 486
4; 486
5; 487
6; 487
7; 488
8; 487
9; 488
10; 490
11; 488
12; 488
13; 488
14; 487
15; 489
0; 490
1; 492
2; 492
3; 492
4; 494
5; 493
6; 494
7; 494
8; 491
9; 491
10; 489
11; 489
12; 489
13; 487
14; 490
15; 490
0; 490
1; 492
2; 493
3; 496
4; 495
5; 496
6; 497
7; 497
8; 502
9; 503
10; 503
11; 504
12; 505
13; 508
14; 507
15; 508
0; 510
1; 510
2; 511
3; 509
4; 509
5; 508
6; 509
7; 512
8; 510
9; 509
10; 508
11; 506
12; 507
13; 506
14; 507
15; 508
0; 508
1; 510
2; 508
3; 509
4; 509
5; 510
6; 513
7; 512
8; 512
9; 509
10; 506
11; 506
12; 503
13; 502
14; 500
15; 499
0; 499
1; 498
2; 498
3; 497
4; 495
5; 495
6; 491
7; 491
8; 489
9; 489
10; 491
11; 489
12; 487
13; 487
14; 485
15; 486
0; 484
1; 485
2; 485
3; 485
4; 487
5; 487
6; 487
7; 488
8; 486
9; 489
10; 487
11; 487
12; 489
13; 488
14; 490
15; 489
0; 488
1; 489
2; 490
3; 491
4; 492
5; 493
6; 495
7; 494
8; 492
9; 491
10; 489
11; 489
12; 487
13; 489
14; 487
15; 487
0; 484
1; 484
2; 489
3; 487
4; 487
5; 486
6; 486
7; 490
8; 489
9; 490
10; 489
11; 488
12; 489
13; 487
14; 485
15; 482
0; 479
1; 477
2; 476
3; 476
4; 472
5; 472
6; 473
7; 472
8; 475
9; 479
10; 483
11; 489
12; 492
13; 495
14; 502
15; 510
0; 519
1; 528
2; 539
3; 548
4; 558
5; 572
6; 583
7; 594
8; 604
9; 612
10; 621
11; 625
12; 632
13; 637
14; 641
15; 647
0; 642
1; 630
2; 615
3; 600
4; 590
5; 577
6; 567
7; 559
8; 547
9; 540
10; 528
11; 519
12; 508
13; 492
14; 479
15; 463
0; 446
1; 430
2; 418
3; 410
4; 404
5; 402
6; 401
7; 402
8; 406
9; 409
10; 413
11; 417
12; 419
13; 424
14; 428
15; 434
0; 438
1; 440
2; 446
3; 450
4; 454
5; 458
6; 463
7; 469
8; 472
9; 477
10; 479
11; 482
12; 487
13; 489
14; 492
15; 495
0; 496
1; 501
2; 501
3; 502
4; 503
5; 504
6; 507
7; 507
8; 509
9; 511
10; 510
11; 513
12; 512
13; 514
14; 514
15; 514
0; 516
1; 516
2; 517
3; 516
4; 517
5; 520
6; 519
7; 522
8; 524
9; 524
10; 527
11; 525
12; 524
13; 523
14; 522
15; 523
0; 521
1; 521
2; 521
3; 520
4; 524
5; 524
6; 526
7; 527
8; 527
9; 531
10; 531
11; 532
12; 532
13; 529
14; 533
15; 533
0; 535
1; 536
2; 535
3; 536
4; 534
5; 532
6; 533
7; 531
8; 533
9; 534
10; 535
11; 536
12; 537
13; 541
14; 543
15; 547
0; 549
1; 549
2; 553
3; 554
4; 556
5; 555
6; 555
7; 560
8; 559
9; 561
10; 563
11; 563
12; 567
13; 568
14; 569
15; 571
0; 572
1; 576
2; 577
3; 579
4; 581
5; 582
6; 584
7; 585
8; 588
9; 589
10; 589
11; 593
12; 593
13; 595
14; 596
15; 596
0; 599
1; 596
2; 597
3; 596
4; 594
5; 597
6; 593
7; 593
8; 591
9; 590
10; 591
11; 588
12; 588
13; 588
14; 585
15; 587
0; 582
1; 579
2; 578
3; 575
4; 575
5; 571
6; 569
7; 566
8; 562
9; 561
10; 557
11; 555
12; 551
13; 548
14; 546
15; 544
0; 543
1; 540
2; 537
3; 538
4; 534
5; 532
6; 528
7; 524
8; 525
9; 520
10; 518
11; 514
12; 510
13; 510
14; 506
15; 505
0; 503
1; 498
2; 500
3; 497
4; 496
5; 494
6; 491
7; 492
8; 487
9; 484
10; 483
11; 480
12; 482
13; 479
14; 479
15; 479
0; 476
1; 478
2; 475
3; 473
4; 474
5; 473
6; 475
7; 472
8; 472
9; 469
10; 467
11; 467
12; 464
13; 464
14; 463
15; 463
0; 465
1; 463
2; 465
3; 465
4; 463
5; 464
6; 463
7; 463
8; 464
9; 463
10; 465
11; 465
12; 465
13; 465
14; 464
15; 467
0; 465
1; 467
2; 466
3; 467
4; 469
5; 467
6; 467
7; 468
8; 469
9; 472
10; 471
11; 471
12; 470
13; 470
14; 470
15; 468
0; 469
1; 470
2; 468
3; 470
4; 468
5; 470
6; 470
7; 470
8; 470
9; 472
10; 475
11; 474
12; 473
13; 474
14; 472
15; 474
0; 475
1; 475
2; 476
3; 475
4; 476
5; 477
6; 476
7; 479
8; 478
9; 478
10; 479
11; 479
12; 481
13; 480
14; 480
15; 484
0; 484
1; 485
2; 484
3; 484
4; 482
5; 482
6; 484
7; 481
8; 482
9; 483
10; 481
11; 484
12; 483
13; 484
14; 487
15; 488
0; 490
1; 489
2; 492
3; 493
4; 493
5; 496
6; 495
7; 494
8; 495
9; 493
10; 494
11; 489
12; 491
13; 491
14; 492
15; 496
0; 499
1; 503
2; 504
3; 504
4; 507
5; 507
6; 510
7; 511
8; 510
9; 512
10; 511
11; 512
12; 513
13; 511
14; 510
15; 511
0; 512
1; 512
2; 509
3; 512
4; 512
5; 512
6; 511
7; 511
8; 512
9; 508
10; 509
11; 510
12; 508
13; 508
14; 506
15; 507
0; 505
1; 505
2; 507
3; 505
4; 506
5; 505
6; 504
7; 504
8; 499
9; 498
10; 496
11; 491
12; 490
13; 487
14; 489
15; 488
0; 484
1; 486
2; 483
3; 485
4; 486
5; 485
6; 488
7; 486
8; 487
9; 486
10; 483
11; 483
12; 481
13; 484
14; 483
15; 480
0; 483
1; 483
2; 484
3; 484
4; 481
5; 482
6; 483
7; 483
8; 485
9; 483
10; 484
11; 484
12; 486
13; 487
14; 485
15; 487
0; 486
1; 487
2; 487
3; 487
4; 488
5; 486
6; 487
7; 488
8; 486
9; 486
10; 487
11; 485
12; 487
13; 486
14; 487
15; 487
0; 487
1; 487
2; 486
3; 486
4; 483
5; 482
6; 480
7; 477
8; 478
9; 474
10; 470
11; 467
12; 465
13; 469
14; 466
15; 467
0; 471
1; 471
2; 478
3; 485
4; 492
5; 497
6; 504
7; 513
8; 520
9; 532
10; 542
11; 552
12; 567
13; 577
14; 590
15; 602
0; 609
1; 620
2; 628
3; 634
4; 639
5; 641
6; 646
7; 643
8; 636
9; 624
10; 608
11; 599
12; 587
13; 575
14; 565
15; 553
0; 545
1; 531
2; 520
3; 507
4; 493
5; 482
6; 464
7; 447
8; 430
9; 416
10; 409
11; 401
12; 398
13; 398
14; 398
15; 401
0; 400
1; 402
2; 405
3; 404
4; 407
5; 409
6; 416
7; 422
8; 428
9; 436
10; 439
11; 446
12; 451
13; 454
14; 462
15; 467
0; 472
1; 478
2; 481
3; 487
4; 489
5; 492
6; 495
7; 496
8; 501
9; 503
10; 505
11; 506
12; 506
13; 509
14; 508
15; 509
0; 510
1; 510
2; 513
3; 514
4; 515
5; 517
6; 518
7; 523
8; 523
9; 527
10; 528
11; 527
12; 530
13; 529
14; 530
15; 530
0; 527
1; 527
2; 527
3; 526
4; 526
5; 523
6; 525
7; 526
8; 526
9; 528
10; 529
11; 531
12; 531
13; 533
14; 534
15; 534
0; 536
1; 536
2; 536
3; 536
4; 536
5; 539
6; 537
7; 538
8; 538
9; 539
10; 540
11; 541
12; 542
13; 543
14; 543
15; 545
0; 547
1; 549
2; 550
3; 550
4; 552
5; 552
6; 553
7; 554
8; 553
9; 556
10; 556
11; 558
12; 560
13; 561
14; 566
15; 567
0; 569
1; 569
2; 571
3; 576
4; 578
5; 581
6; 583
7; 583
8; 588
9; 588
10; 590
11; 591
12; 592
13; 598
14; 600
15; 603
0; 605
1; 606
2; 610
3; 609
4; 609
5; 609
6; 609
7; 611
8; 610
9; 610
10; 609
11; 608
12; 610
13; 608
14; 609
15; 608
0; 606
1; 606
2; 604
3; 602
4; 600
5; 598
6; 597
7; 595
8; 592
9; 590
10; 587
11; 587
12; 583
13; 580
14; 578
15; 575
0; 575
1; 569
2; 567
3; 562
4; 558
5; 558
6; 551
7; 548
8; 544
9; 539
10; 537
11; 530
12; 528
13; 525
14; 522
15; 521
0; 518
1; 515
2; 512
3; 509
4; 508
5; 504
6; 501
7; 499
8; 496
9; 496
10; 491
11; 489
12; 487
13; 485
14; 484
15; 482
0; 480
1; 480
2; 479
3; 478
4; 477
5; 477
6; 475
7; 473
8; 473
9; 472
10; 472
11; 470
12; 467
13; 468
14; 467
15; 466
0; 465
1; 464
2; 465
3; 465
4; 465
5; 464
6; 463
7; 463
8; 463
9; 462
10; 461
11; 460
12; 461
13; 461
14; 462
15; 462
0; 462
1; 463
2; 462
3; 463
4; 463
5; 462
6; 464
7; 462
8; 461
9; 459
10; 458
11; 459
12; 458
13; 458
14; 458
15; 459
0; 461
1; 463
2; 465
3; 467
4; 467
5; 469
6; 469
7; 471
8; 471
9; 470
10; 470
11; 469
12; 470
13; 470
14; 469
15; 470
0; 469
1; 469
2; 469
3; 467
4; 470
5; 469
6; 470
7; 471
8; 471
9; 473
10; 472
11; 472
12; 472
13; 472
14; 473
15; 472
0; 473
1; 473
2; 472
3; 473
4; 473
5; 473
6; 474
7; 474
8; 476
9; 475
10; 476
11; 478
12; 478
13; 480
14; 479
15; 479
0; 479
1; 479
2; 481
3; 481
4; 482
5; 484
6; 483
7; 484
8; 482
9; 483
10; 484
11; 485
12; 487
13; 486
14; 487
15; 487
0; 487
1; 489
2; 490
3; 491
4; 491
5; 490
6; 493
7; 493
8; 496
9; 496
10; 497
11; 502
12; 500
13; 501
14; 501
15; 500
0; 503
1; 500
2; 500
3; 500
4; 499
5; 500
6; 497
7; 498
8; 496
9; 495
10; 498
11; 498
12; 500
13; 502
14; 501
15; 504
0; 504
1; 504
2; 503
3; 500
4; 503
5; 502
6; 502
7; 503
8; 500
9; 501
10; 499
11; 499
12; 497
13; 495
14; 494
15; 489
0; 490
1; 487
2; 483
3; 484
4; 481
5; 479
6; 478
7; 476
8; 477
9; 476
10; 478
11; 477
12; 476
13; 479
14; 480
15; 480
0; 480
1; 480
2; 481
3; 479
4; 479
5; 479
6; 480
7; 483
8; 482
9; 483
10; 484
11; 485
12; 487
13; 487
14; 487
15; 487
0; 486
1; 487
2; 485
3; 487
4; 486
5; 483
6; 484
7; 484
8; 484
9; 485
10; 485
11; 489
12; 486
13; 486
14; 487
15; 486
0; 489
1; 487
2; 489
3; 487
4; 484
5; 485
6; 481
7; 481
8; 482
9; 481
10; 483
11; 480
12; 476
13; 473
14; 472
15; 472
0; 467
1; 466
2; 465
3; 466
4; 466
5; 463
6; 464
7; 467
8; 472
9; 480
10; 483
11; 486
12; 490
13; 499
14; 508
15; 513
0; 522
1; 534
2; 545
3; 556
4; 566
5; 579
6; 589
7; 599
8; 613
9; 621
10; 627
11; 631
12; 633
13; 634
14; 624
15; 613
0; 599
1; 587
2; 578
3; 570
4; 562
5; 555
6; 546
7; 539
8; 527
9; 517
10; 504
11; 491
12; 479
13; 463
14; 447
15; 433
0; 422
1; 417
2; 410
3; 407
4; 405
5; 405
6; 408
7; 409
8; 412
9; 414
10; 415
11; 419
12; 421
13; 426
14; 429
15; 433
0; 439
1; 440
2; 441
3; 446
4; 454
5; 462
6; 466
7; 471
8; 475
9; 474
10; 478
11; 480
12; 484
13; 487
14; 490
15; 496
0; 496
1; 497
2; 497
3; 498
4; 502
5; 503
6; 504
7; 505
8; 507
9; 509
10; 508
11; 509
12; 510
13; 510
14; 513
15; 513
0; 513
1; 513
2; 515
3; 518
4; 512
5; 514
6; 515
7; 514
8; 516
9; 517
10; 519
11; 518
12; 517
13; 519
14; 518
15; 519
0; 519
1; 518
2; 521
3; 519
4; 520
5; 521
6; 519
7; 522
8; 521
9; 525
10; 525
11; 524
12; 527
13; 527
14; 530
15; 533
0; 534
1; 536
2; 535
3; 536
4; 538
5; 539
6; 540
7; 542
8; 542
9; 542
10; 543
11; 547
12; 545
13; 548
14; 548
15; 548
0; 551
1; 551
2; 553
3; 553
4; 555
5; 559
6; 561
7; 563
8; 563
9; 561
10; 566
11; 567
12; 568
13; 569
14; 568
15; 572
0; 573
1; 579
2; 577
3; 574
4; 580
5; 582
6; 588
7; 588
8; 584
9; 587
10; 585
11; 590
12; 590
13; 587
14; 591
15; 591
0; 591
1; 588
2; 590
3; 592
4; 588
5; 588
6; 588
7; 587
8; 590
9; 585
10; 584
11; 583
12; 579
13; 580
14; 579
15; 578
0; 575
1; 572
2; 574
3; 569
4; 568
5; 564
6; 560
7; 558
8; 553
9; 553
10; 551
11; 547
12; 545
13; 542
14; 541
15; 539
0; 539
1; 539
2; 535
3; 532
4; 530
5; 526
6; 524
7; 521
8; 519
9; 514
10; 511
11; 513
12; 509
13; 506
14; 504
15; 499
0; 498
1; 496
2; 495
3; 492
4; 491
5; 494
6; 489
7; 489
8; 487
9; 480
10; 481
11; 481
12; 481
13; 481
14; 480
15; 483
0; 481
1; 481
2; 479
3; 479
4; 481
5; 479
6; 477
7; 476
8; 476
9; 478
10; 476
11; 476
12; 477
13; 473
14; 475
15; 475
0; 476
1; 478
2; 474
3; 473
4; 473
5; 474
6; 475
7; 476
8; 480
9; 477
10; 477
11; 475
12; 477
13; 481
14; 475
15; 477
0; 476
1; 477
2; 482
3; 481
4; 480
5; 480
6; 477
7; 476
8; 476
9; 476
10; 476
11; 473
12; 475
13; 473
14; 474
15; 473
0; 471
1; 471
2; 475
3; 477
4; 478
5; 477
6; 480
7; 480
8; 479
9; 479
10; 476
11; 478
12; 479
13; 480
14; 480
15; 479
0; 479
1; 478
2; 479
3; 481
4; 483
5; 486
6; 483
7; 484
8; 486
9; 486
10; 489
11; 489
12; 489
13; 492
14; 493
15; 497
0; 493
1; 492
2; 490
3; 491
4; 492
5; 489
6; 490
7; 492
8; 491
9; 490
10; 490
11; 496
12; 500
13; 501
14; 502
15; 499
0; 498
1; 496
2; 495
3; 500
4; 504
5; 506
6; 507
7; 506
8; 508
9; 506
10; 508
11; 510
12; 508
13; 509
14; 505
15; 504
0; 505
1; 503
2; 504
3; 503
4; 504
5; 502
6; 500
7; 499
8; 499
9; 504
10; 508
11; 508
12; 508
13; 508
14; 510
15; 512
0; 513
1; 512
2; 509
3; 507
4; 506
5; 504
6; 505
7; 504
8; 501
9; 498
10; 496
11; 496
12; 493
13; 493
14; 493
15; 491
0; 487
1; 487
2; 491
3; 488
4; 487
5; 487
6; 481
7; 483
8; 482
9; 481
10; 486
11; 487
12; 488
13; 487
14; 485
15; 487
0; 487
1; 489
2; 487
3; 485
4; 488
5; 488
6; 490
7; 489
8; 487
9; 492
10; 490
11; 488
12; 487
13; 486
14; 487
15; 486
0; 486
1; 485
2; 486
3; 489
4; 486
5; 484
6; 486
7; 490
8; 492
9; 491
10; 493
11; 496
12; 496
13; 498
14; 498
15; 494
0; 490
1; 492
2; 496
3; 493
4; 492
5; 492
6; 490
7; 491
8; 488
9; 490
10; 488
11; 483
12; 483
13; 479
14; 478
15; 478
0; 474
1; 476
2; 475
3; 480
4; 483
5; 486
6; 488
7; 489
8; 497
9; 502
10; 507
11; 519
12; 525
13; 534
14; 541
15; 548
0; 561
1; 571
2; 583
3; 592
4; 601
5; 612
6; 617
7; 624
8; 628
9; 626
10; 625
11; 615
12; 608
13; 599
14; 588
15; 581
0; 572
1; 566
2; 557
3; 551
4; 545
5; 539
6; 532
7; 521
8; 511
9; 499
10; 488
11; 477
12; 464
13; 450
14; 443
15; 438
0; 436
1; 435
2; 435
3; 438
4; 436
5; 435
6; 434
7; 432
8; 433
9; 433
10; 434
11; 438
12; 439
13; 440
14; 443
15; 446
0; 448
1; 451
2; 456
3; 459
4; 463
5; 467
6; 469
7; 477
8; 479
9; 480
10; 484
11; 489
12; 494
13; 496
14; 498
15; 499
0; 500
1; 503
2; 503
3; 505
4; 507
5; 507
6; 509
7; 507
8; 508
9; 509
10; 510
11; 511
12; 510
13; 511
14; 511
15; 511
0; 517
1; 518
2; 518
3; 516
4; 516
5; 518
6; 515
7; 514
8; 515
9; 515
10; 515
11; 513
12; 513
13; 512
14; 511
15; 515
0; 514
1; 516
2; 518
3; 518
4; 521
5; 520
6; 523
7; 523
8; 519
9; 520
10; 522
11; 524
12; 526
13; 525
14; 526
15; 526
0; 528
1; 528
2; 528
3; 530
4; 529
5; 531
6; 532
7; 531
8; 536
9; 535
10; 537
11; 538
12; 537
13; 542
14; 543
15; 547
0; 548
1; 547
2; 551
3; 551
4; 553
5; 554
6; 555
7; 557
8; 557
9; 561
10; 561
11; 560
12; 563
13; 563
14; 566
15; 568
0; 568
1; 572
2; 571
3; 572
4; 575
5; 575
6; 577
7; 576
8; 578
9; 580
10; 578
11; 581
12; 579
13; 579
14; 579
15; 577
0; 580
1; 577
2; 577
3; 577
4; 575
5; 577
6; 575
7; 575
8; 575
9; 573
10; 573
11; 569
12; 568
13; 567
14; 563
15; 564
0; 561
1; 559
2; 557
3; 554
4; 554
5; 550
6; 548
7; 547
8; 543
9; 543
10; 541
11; 539
12; 536
13; 532
14; 531
15; 527
0; 525
1; 523
2; 519
3; 519
4; 515
5; 512
6; 511
7; 509
8; 508
9; 507
10; 507
11; 505
12; 503
13; 504
14; 498
15; 499
0; 496
1; 492
2; 493
3; 493
4; 493
5; 492
6; 488
7; 488
8; 484
9; 484
10; 483
11; 480
12; 481
13; 481
14; 482
15; 481
0; 481
1; 483
2; 482
3; 480
4; 479
5; 478
6; 480
7; 478
8; 478
9; 477
10; 476
11; 477
12; 477
13; 478
14; 477
15; 478
0; 480
1; 479
2; 479
3; 480
4; 481
5; 483
6; 481
7; 481
8; 481
9; 478
10; 479
11; 477
12; 477
13; 477
14; 478
15; 480
0; 479
1; 480
2; 479
3; 478
4; 480
5; 479
6; 479
7; 479
8; 479
9; 481
10; 482
11; 484
12; 484
13; 483
14; 484
15; 483
0; 482
1; 482
2; 482
3; 484
4; 484
5; 484
6; 487
7; 488
8; 490
9; 487
10; 489
11; 488
12; 489
13; 492
14; 490
15; 489
0; 490
1; 489
2; 492
3; 491
4; 493
5; 492
6; 492
7; 494
8; 494
9; 495
10; 496
11; 494
12; 495
13; 494
14; 497
15; 498
0; 499
1; 501
2; 500
3; 500
4; 499
5; 499
6; 500
7; 498
8; 497
9; 497
10; 498
11; 504
12; 503
13; 506
14; 508
15; 510
0; 512
1; 510
2; 513
3; 514
4; 514
5; 515
6; 511
7; 511
8; 509
9; 509
10; 513
11; 511
12; 512
13; 511
14; 509
15; 508
0; 507
1; 507
2; 506
3; 505
4; 506
5; 505
6; 506
7; 505
8; 506
9; 512
10; 512
11; 513
12; 512
13; 509
14; 510
15; 505
0; 505
1; 504
2; 502
3; 503
4; 499
5; 498
6; 497
7; 496
8; 496
9; 494
10; 494
11; 493
12; 491
13; 493
14; 492
15; 492
0; 491
1; 490
2; 491
3; 487
4; 487
5; 486
6; 483
7; 487
8; 485
9; 483
10; 483
11; 482
12; 484
13; 483
14; 485
15; 486
0; 486
1; 489
2; 488
3; 489
4; 488
5; 490
6; 492
7; 490
8; 491
9; 490
10; 491
11; 495
12; 497
13; 500
14; 500
15; 497
0; 494
1; 492
2; 494
3; 493
4; 492
5; 496
6; 496
7; 496
8; 496
9; 494
10; 495
11; 493
12; 493
13; 491
14; 490
15; 492
0; 488
1; 487
2; 483
3; 481
4; 481
5; 478
6; 478
7; 476
8; 473
9; 472
10; 470
11; 468
12; 467
13; 466
14; 469
15; 470
0; 473
1; 477
2; 482
3; 489
4; 493
5; 499
6; 504
7; 509
8; 518
9; 525
10; 534
11; 544
12; 554
13; 567
14; 577
15; 590
0; 600
1; 608
2; 620
3; 625
4; 631
5; 634
6; 635
7; 635
8; 624
9; 613
10; 603
11; 592
12; 588
13; 580
14; 575
15; 569
0; 562
1; 558
2; 549
3; 539
4; 529
5; 517
6; 507
7; 492
8; 478
9; 463
10; 451
11; 446
12; 439
13; 435
14; 434
15; 432
0; 434
1; 432
2; 433
3; 433
4; 432
5; 435
6; 434
7; 435
8; 436
9; 437
10; 441
11; 443
12; 446
13; 449
14; 453
15; 461
0; 465
1; 471
2; 475
3; 478
4; 483
5; 485
6; 490
7; 493
8; 495
9; 498
10; 499
11; 502
12; 505
13; 506
14; 509
15; 508
0; 510
1; 510
2; 510
3; 513
4; 512
5; 512
6; 512
7; 511
8; 513
9; 511
10; 513
11; 513
12; 512
13; 515
14; 515
15; 513
0; 513
1; 515
2; 518
3; 517
4; 519
5; 519
6; 519
7; 519
8; 519
9; 520
10; 521
11; 521
12; 521
13; 522
14; 524
15; 524
0; 522
1; 524
2; 523
3; 523
4; 524
5; 523
6; 526
7; 527
8; 529
9; 530
10; 529
11; 532
12; 531
13; 533
14; 535
15; 535
0; 538
1; 536
2; 538
3; 539
4; 540
5; 543
6; 542
7; 543
8; 543
9; 543
10; 545
11; 544
12; 546
13; 547
14; 547
15; 551
0; 550
1; 551
2; 553
3; 553
4; 558
5; 559
6; 562
7; 564
8; 565
9; 569
10; 569
11; 571
12; 572
13; 572
14; 575
15; 573
0; 575
1; 575
2; 575
3; 578
4; 577
5; 578
6; 578
7; 578
8; 580
9; 577
10; 579
11; 579
12; 579
13; 581
14; 577
15; 577
0; 576
1; 573
2; 576
3; 574
4; 573
5; 573
6; 572
7; 571
8; 568
9; 566
10; 564
11; 560
12; 561
13; 558
14; 556
15; 556
0; 552
1; 551
2; 546
3; 545
4; 542
5; 539
6; 539
7; 535
8; 533
9; 532
10; 530
11; 531
12; 528
13; 526
14; 524
15; 521
0; 519
1; 515
2; 514
3; 511
4; 508
5; 509
6; 508
7; 507
8; 506
9; 504
10; 504
11; 502
12; 501
13; 500
14; 498
15; 499
0; 496
1; 495
2; 494
3; 491
4; 492
5; 489
6; 489
7; 489
8; 488
9; 489
10; 487
11; 487
12; 487
13; 486
14; 487
15; 484
0; 484
1; 483
2; 480
3; 482
4; 481
5; 482
6; 483
7; 482
8; 482
9; 481
10; 481
11; 481
12; 480
13; 483
14; 482
15; 483
0; 483
1; 481
2; 483
3; 481
4; 482
5; 483
6; 483
7; 484
8; 483
9; 483
10; 483
11; 482
12; 484
13; 483
14; 485
15; 484
0; 484
1; 487
2; 487
3; 486
4; 486
5; 484
6; 487
7; 486
8; 485
9; 485
10; 483
11; 484
12; 483
13; 484
14; 484
15; 484
0; 486
1; 486
2; 487
3; 487
4; 486
5; 489
6; 487
7; 487
8; 488
9; 487
10; 490
11; 490
12; 491
13; 492
14; 492
15; 495
0; 494
1; 496
2; 496
3; 493
4; 494
5; 492
6; 492
7; 492
8; 492
9; 496
10; 495
11; 496
12; 496
13; 496
14; 499
15; 498
0; 498
1; 497
2; 496
3; 497
4; 495
5; 497
6; 498
7; 497
8; 498
9; 497
10; 498
11; 499
12; 498
13; 501
14; 502
15; 504
0; 504
1; 504
2; 509
3; 509
4; 511
5; 511
6; 510
7; 512
8; 509
9; 510
10; 509
11; 510
12; 512
13; 511
14; 512
15; 512
0; 510
1; 512
2; 510
3; 510
4; 510
5; 509
6; 511
7; 510
8; 511
9; 512
10; 511
11; 512
12; 510
13; 511
14; 511
15; 510
0; 511
1; 510
2; 508
3; 506
4; 504
5; 505
6; 501
7; 501
8; 499
9; 496
10; 496
11; 493
12; 492
13; 491
14; 487
15; 485
0; 483
1; 481
2; 479
3; 478
4; 481
5; 483
6; 486
7; 486
8; 486
9; 488
10; 485
11; 488
12; 487
13; 487
14; 490
15; 491
0; 492
1; 492
2; 490
3; 492
4; 490
5; 490
6; 489
7; 487
8; 489
9; 488
10; 487
11; 487
12; 486
13; 488
14; 487
15; 487
0; 486
1; 486
2; 487
3; 486
4; 487
5; 487
6; 486
7; 486
8; 483
9; 481
10; 478
11; 473
12; 473
13; 471
14; 473
15; 475
0; 475
1; 478
2; 479
3; 476
4; 476
5; 472
6; 471
7; 466
8; 463
9; 460
10; 460
11; 460
12; 457
13; 457
14; 453
15; 449
0; 446
1; 442
2; 449
3; 456
4; 468
5; 483
6; 498
7; 515
8; 532
9; 545
10; 559
11; 566
12; 576
13; 585
14; 595
15; 608
0; 617
1; 626
2; 632
3; 635
4; 641
5; 643
6; 647
7; 651
8; 656
9; 661
10; 654
11; 642
12; 627
13; 615
14; 606
15; 594
0; 583
1; 577
2; 568
3; 563
4; 552
5; 542
6; 530
7; 515
8; 503
9; 486
10; 469
11; 451
12; 438
13; 429
14; 420
15; 414
0; 409
1; 406
2; 407
3; 404
4; 406
5; 409
6; 414
7; 423
8; 432
9; 439
10; 447
11; 451
12; 458
13; 462
14; 467
15; 472
0; 476
1; 480
2; 481
3; 487
4; 488
5; 488
6; 492
7; 494
8; 499
9; 502
10; 504
11; 510
12; 512
13; 516
14; 517
15; 518
0; 522
1; 524
2; 527
3; 527
4; 526
5; 527
6; 524
7; 526
8; 523
9; 520
10; 521
11; 520
12; 521
13; 521
14; 519
15; 522
0; 519
1; 516
2; 512
3; 508
4; 510
5; 506
6; 508
7; 511
8; 514
9; 519
10; 519
11; 520
12; 521
13; 522
14; 524
15; 524
0; 521
1; 519
2; 518
3; 524
4; 525
5; 525
6; 532
7; 537
8; 545
9; 546
10; 547
11; 549
12; 546
13; 548
14; 546
15; 543
0; 543
1; 546
2; 548
3; 547
4; 550
5; 551
6; 551
7; 553
8; 552
9; 554
10; 556
11; 557
12; 560
13; 560
14; 563
15; 566
0; 564
1; 567
2; 561
3; 561
4; 563
5; 565
6; 566
7; 568
8; 573
9; 577
10; 577
11; 582
12; 580
13; 580
14; 579
15; 579
0; 583
1; 588
2; 596
3; 599
4; 600
5; 605
6; 605
7; 608
8; 609
9; 609
10; 610
11; 606
12; 607
13; 604
14; 606
15; 607
0; 606
1; 605
2; 604
3; 599
4; 600
5; 598
6; 599
7; 598
8; 596
9; 595
10; 589
11; 589
12; 588
13; 588
14; 590
15; 587
0; 585
1; 582
2; 576
3; 574
4; 570
5; 568
6; 563
7; 560
8; 560
9; 555
10; 554
11; 552
12; 551
13; 550
14; 544
15; 544
0; 546
1; 544
2; 543
3; 537
4; 536
5; 533
6; 528
7; 526
8; 521
9; 520
10; 516
11; 510
12; 505
13; 500
14; 498
15; 494
0; 493
1; 495
2; 494
3; 495
4; 496
5; 496
6; 496
7; 495
8; 494
9; 495
10; 494
11; 494
12; 495
13; 494
14; 491
15; 490
0; 492
1; 490
2; 492
3; 493
4; 492
5; 491
6; 487
7; 486
8; 483
9; 480
10; 478
11; 475
12; 469
13; 466
14; 466
15; 472
0; 469
1; 472
2; 476
3; 479
4; 483
5; 484
6; 486
7; 485
8; 480
9; 483
10; 483
11; 481
12; 479
13; 475
14; 476
15; 472
0; 470
1; 469
2; 469
3; 473
4; 476
5; 479
6; 482
7; 480
8; 481
9; 480
10; 482
11; 483
12; 483
13; 487
14; 485
15; 485
0; 484
1; 480
2; 479
3; 476
4; 477
5; 478
6; 480
7; 483
8; 482
9; 481
10; 480
11; 481
12; 484
13; 484
14; 484
15; 484
0; 482
1; 484
2; 484
3; 486
4; 488
5; 488
6; 489
7; 485
8; 487
9; 487
10; 485
11; 487
12; 487
13; 489
14; 489
15; 489
0; 490
1; 489
2; 494
3; 496
4; 496
5; 497
6; 496
7; 493
8; 491
9; 488
10; 489
11; 489
12; 491
13; 489
14; 487
15; 489
0; 493
1; 495
2; 497
3; 493
4; 495
5; 494
6; 497
7; 499
8; 497
9; 499
10; 501
11; 505
12; 509
13; 511
14; 513
15; 513
0; 515
1; 515
2; 515
3; 518
4; 515
5; 516
6; 515
7; 516
8; 515
9; 514
10; 515
11; 515
12; 515
13; 519
14; 516
15; 516
0; 515
1; 515
2; 518
3; 512
4; 509
5; 504
6; 503
7; 502
8; 496
9; 498
10; 497
11; 497
12; 499
13; 496
14; 497
15; 494
0; 492
1; 491
2; 488
3; 487
4; 484
5; 481
6; 479
7; 476
8; 474
9; 472
10; 471
11; 473
12; 472
13; 473
14; 473
15; 476
0; 481
1; 483
2; 483
3; 481
4; 480
5; 481
6; 478
7; 478
8; 476
9; 474
10; 474
11; 473
12; 475
13; 477
14; 477
15; 480
0; 482
1; 484
2; 487
3; 488
4; 492
5; 492
6; 493
7; 495
8; 494
9; 495
10; 493
11; 492
12; 492
13; 490
14; 491
15; 490
0; 491
1; 492
2; 492
3; 492
4; 494
5; 495
6; 493
7; 489
8; 489
9; 487
10; 485
11; 483
12; 479
13; 476
14; 470
15; 467
0; 465
1; 462
2; 463
3; 463
4; 465
5; 470
6; 472
7; 477
8; 478
9; 484
10; 488
11; 491
12; 498
13; 504
14; 512
15; 520
0; 529
1; 542
2; 552
3; 564
4; 577
5; 589
6; 602
7; 610
8; 619
9; 625
10; 630
11; 640
12; 644
13; 649
14; 651
15; 640
0; 631
1; 616
2; 603
3; 589
4; 576
5; 567
6; 556
7; 547
8; 539
9; 530
10; 519
11; 503
12; 489
13; 473
14; 457
15; 442
0; 427
1; 418
2; 409
3; 402
4; 401
5; 398
6; 399
7; 399
8; 400
9; 401
10; 404
11; 407
12; 409
13; 411
14; 417
15; 421
0; 424
1; 427
2; 431
3; 436
4; 442
5; 448
6; 451
7; 455
8; 463
9; 465
10; 469
11; 471
12; 473
13; 478
14; 478
15; 480
0; 480
1; 480
2; 483
3; 483
4; 486
5; 486
6; 486
7; 489
8; 490
9; 493
10; 494
11; 495
12; 500
13; 503
14; 505
15; 507
0; 505
1; 507
2; 502
3; 502
4; 501
5; 500
6; 502
7; 502
8; 501
9; 502
10; 501
11; 503
12; 501
13; 504
14; 506
15; 507
0; 508
1; 507
2; 508
3; 507
4; 504
5; 506
6; 508
7; 511
8; 512
9; 513
10; 515
11; 513
12; 515
13; 516
14; 516
15; 521
0; 522
1; 524
2; 526
3; 526
4; 530
5; 530
6; 533
7; 534
8; 535
9; 539
10; 538
11; 539
12; 538
13; 537
14; 541
15; 540
0; 542
1; 542
2; 542
3; 545
4; 544
5; 547
6; 550
7; 553
8; 559
9; 559
10; 562
11; 564
12; 564
13; 569
14; 569
15; 570
0; 571
1; 570
2; 572
3; 571
4; 572
5; 575
6; 575
7; 579
8; 577
9; 577
10; 579
11; 580
12; 586
13; 588
14; 592
15; 596
0; 595
1; 598
2; 595
3; 594
4; 593
5; 590
6; 591
7; 589
8; 591
9; 589
10; 588
11; 588
12; 584
13; 586
14; 585
15; 583
0; 580
1; 575
2; 570
3; 566
4; 562
5; 562
6; 560
7; 558
8; 556
9; 557
10; 558
11; 553
12; 551
13; 549
14; 544
15; 542
0; 537
1; 536
2; 532
3; 526
4; 522
5; 518
6; 516
7; 513
8; 509
9; 508
10; 505
11; 503
12; 500
13; 497
14; 497
15; 494
0; 492
1; 490
2; 486
3; 483
4; 480
5; 479
6; 478
7; 475
8; 475
9; 472
10; 472
11; 472
12; 472
13; 473
14; 472
15; 471
0; 469
1; 467
2; 466
3; 463
4; 462
5; 463
6; 463
7; 462
8; 459
9; 460
10; 463
11; 462
12; 463
13; 461
14; 459
15; 456
0; 451
1; 451
2; 451
3; 452
4; 454
5; 455
6; 458
7; 457
8; 455
9; 455
10; 455
11; 457
12; 457
13; 457
14; 456
15; 456
0; 457
1; 457
2; 457
3; 459
4; 458
5; 459
6; 456
7; 455
8; 454
9; 452
10; 451
11; 450
12; 453
13; 455
14; 454
15; 456
0; 456
1; 459
2; 460
3; 460
4; 463
5; 461
6; 463
7; 463
8; 462
9; 464
10; 462
11; 461
12; 462
13; 462
14; 463
15; 463
0; 465
1; 465
2; 464
3; 465
4; 464
5; 465
6; 465
7; 467
8; 470
9; 470
10; 470
11; 470
12; 468
13; 470
14; 468
15; 468
0; 470
1; 470
2; 472
3; 472
4; 473
5; 473
6; 472
7; 475
8; 473
9; 474
10; 473
11; 473
12; 475
13; 473
14; 476
15; 478
0; 478
1; 480
2; 479
3; 481
4; 482
5; 482
6; 482
7; 482
8; 480
9; 481
10; 481
11; 483
12; 483
13; 483
14; 483
15; 484
0; 488
1; 487
2; 490
3; 490
4; 490
5; 493
6; 492
7; 492
8; 491
9; 489
10; 491
11; 487
12; 488
13; 487
14; 490
15; 493
0; 497
1; 501
2; 504
3; 503
4; 505
5; 505
6; 508
7; 506
8; 504
9; 504
10; 498
11; 495
12; 491
13; 486
14; 484
15; 479
0; 477
1; 472
2; 469
3; 469
4; 466
5; 463
6; 462
7; 459
8; 458
9; 457
10; 457
11; 456
12; 453
13; 454
14; 453
15; 455
0; 455
1; 456
2; 459
3; 460
4; 460
5; 462
6; 462
7; 466
8; 466
9; 468
10; 470
11; 469
12; 472
13; 474
14; 477
15; 478
0; 477
1; 477
2; 475
3; 479
4; 481
5; 483
6; 483
7; 482
8; 482
9; 483
10; 483
11; 488
12; 491
13; 491
14; 489
15; 489
0; 493
1; 489
2; 483
3; 479
4; 474
5; 472
6; 467
7; 467
8; 465
9; 465
10; 468
11; 470
12; 475
13; 478
14; 480
15; 482
0; 479
1; 476
2; 473
3; 471
4; 471
5; 470
6; 469
7; 467
8; 465
9; 464
10; 464
11; 468
12; 470
13; 473
14; 477
15; 480
0; 485
1; 488
2; 493
3; 504
4; 512
5; 522
6; 531
7; 543
8; 556
9; 564
10; 575
11; 584
12; 593
13; 603
14; 608
15; 616
0; 619
1; 620
2; 620
3; 615
4; 605
5; 589
6; 575
7; 568
8; 562
9; 557
10; 550
11; 542
12; 535
13; 527
14; 520
15; 512
0; 504
1; 495
2; 480
3; 467
4; 450
5; 436
6; 430
7; 427
8; 426
9; 426
10; 423
11; 424
12; 423
13; 423
14; 420
15; 415
0; 416
1; 417
2; 419
3; 420
4; 420
5; 423
6; 425
7; 430
8; 432
9; 436
10; 444
11; 450
12; 457
13; 462
14; 465
15; 470
0; 472
1; 473
2; 475
3; 478
4; 483
5; 485
6; 490
7; 493
8; 494
9; 495
10; 493
11; 494
12; 494
13; 493
14; 495
15; 494
0; 497
1; 501
2; 503
3; 508
4; 508
5; 510
6; 511
7; 511
8; 512
9; 511
10; 512
11; 507
12; 503
13; 505
14; 504
15; 506
0; 504
1; 507
2; 508
3; 506
4; 507
5; 507
6; 504
7; 504
8; 505
9; 510
10; 510
11; 508
12; 509
13; 508
14; 512
15; 513
0; 511
1; 514
2; 515
3; 518
4; 516
5; 514
6; 512
7; 512
8; 513
9; 511
10; 510
11; 513
12; 510
13; 510
14; 512
15; 514
0; 517
1; 516
2; 520
3; 524
4; 526
5; 528
6; 525
7; 528
8; 531
9; 532
10; 535
11; 532
12; 538
13; 541
14; 543
15; 548
0; 553
1; 557
2; 560
3; 560
4; 563
5; 563
6; 568
7; 569
8; 571
9; 573
10; 574
11; 577
12; 575
13; 574
14; 580
15; 580
0; 580
1; 581
2; 580
3; 580
4; 579
5; 583
6; 583
7; 580
8; 579
9; 576
10; 577
11; 575
12; 573
13; 571
14; 566
15; 565
0; 567
1; 571
2; 573
3; 569
4; 570
5; 569
6; 564
7; 560
8; 556
9; 555
10; 551
11; 543
12; 541
13; 543
14; 541
15; 539
0; 535
1; 537
2; 534
3; 528
4; 524
5; 520
6; 521
7; 520
8; 521
9; 517
10; 515
11; 515
12; 513
13; 512
14; 508
15; 508
0; 505
1; 499
2; 496
3; 494
4; 490
5; 494
6; 496
7; 498
8; 495
9; 492
10; 494
11; 493
12; 493
13; 491
14; 491
15; 493
0; 492
1; 491
2; 489
3; 486
4; 485
5; 483
6; 480
7; 478
8; 477
9; 480
10; 479
11; 477
12; 475
13; 474
14; 477
15; 476
0; 477
1; 476
2; 476
3; 476
4; 477
5; 477
6; 477
7; 477
8; 480
9; 476
10; 472
11; 472
12; 472
13; 475
14; 470
15; 469
0; 467
1; 466
2; 467
3; 467
4; 469
5; 470
6; 469
7; 468
8; 470
9; 474
10; 474
11; 475
12; 479
13; 478
14; 479
15; 478
0; 476
1; 478
2; 476
3; 477
4; 479
5; 477
6; 478
7; 479
8; 479
9; 477
10; 477
11; 481
12; 481
13; 483
14; 482
15; 481
0; 481
1; 479
2; 479
3; 479
4; 477
5; 477
6; 472
7; 471
8; 475
9; 477
10; 480
11; 483
12; 486
13; 487
14; 487
15; 487
0; 484
1; 491
2; 493
3; 495
4; 497
5; 495
6; 497
7; 497
8; 496
9; 498
10; 496
11; 497
12; 499
13; 502
14; 507
15; 507
0; 508
1; 510
2; 512
3; 516
4; 516
5; 519
6; 519
7; 518
8; 520
9; 521
10; 525
11; 524
12; 524
13; 526
14; 524
15; 524
0; 521
1; 521
2; 521
3; 516
4; 515
5; 516
6; 515
7; 515
8; 511
9; 511
10; 511
11; 512
12; 514
13; 517
14; 516
15; 512
0; 507
1; 508
2; 512
3; 512
4; 509
5; 507
6; 505
7; 503
8; 503
9; 499
10; 497
11; 499
12; 500
13; 499
14; 497
15; 494
0; 496
1; 493
2; 490
3; 487
4; 488
5; 491
6; 488
7; 491
8; 492
9; 489
10; 491
11; 491
12; 491
13; 492
14; 494
15; 497
0; 494
1; 494
2; 494
3; 495
4; 496
5; 494
6; 495
7; 496
8; 494
9; 495
10; 495
11; 497
12; 497
13; 496
14; 496
15; 496
0; 497
1; 496
2; 494
3; 493
4; 491
5; 493
6; 494
7; 492
8; 495
9; 494
10; 496
11; 496
12; 494
13; 495
14; 493
15; 496
0; 497
1; 495
2; 496
3; 494
4; 493
5; 492
6; 491
7; 492
8; 490
9; 489
10; 487
11; 484
12; 483
13; 483
14; 483
15; 483
0; 481
1; 483
2; 480
3; 480
4; 482
5; 484
6; 490
7; 495
8; 499
9; 503
10; 505
11; 512
12; 521
13; 529
14; 534
15; 540
0; 550
1; 562
2; 573
3; 584
4; 593
5; 607
6; 613
7; 620
8; 626
9; 632
10; 638
11; 635
12; 630
13; 619
14; 604
15; 592
0; 578
1; 570
2; 565
3; 558
4; 553
5; 545
6; 539
7; 532
8; 522
9; 515
10; 506
11; 495
12; 483
13; 470
14; 462
15; 453
0; 448
1; 446
2; 444
3; 444
4; 443
5; 443
6; 442
7; 441
8; 443
9; 444
10; 446
11; 447
12; 447
13; 448
14; 450
15; 452
0; 452
1; 454
2; 459
3; 461
4; 465
5; 471
6; 476
7; 483
8; 487
9; 492
10; 495
11; 497
12; 503
13; 506
14; 510
15; 513
0; 512
1; 514
2; 514
3; 516
4; 517
5; 516
6; 519
7; 519
8; 521
9; 521
10; 521
11; 523
12; 523
13; 524
14; 523
15; 524
0; 525
1; 523
2; 525
3; 524
4; 524
5; 526
6; 526
7; 526
8; 525
9; 524
10; 526
11; 524
12; 526
13; 525
14; 525
15; 527
0; 524
1; 525
2; 526
3; 527
4; 528
5; 526
6; 527
7; 526
8; 525
9; 526
10; 523
11; 524
12; 525
13; 525
14; 527
15; 527
0; 529
1; 529
2; 529
3; 532
4; 530
5; 531
6; 533
7; 534
8; 536
9; 538
10; 539
11; 540
12; 541
13; 543
14; 545
15; 548
0; 549
1; 550
2; 553
3; 556
4; 559
5; 561
6; 561
7; 565
8; 564
9; 567
10; 567
11; 566
12; 568
13; 568
14; 570
15; 572
0; 573
1; 575
2; 575
3; 577
4; 579
5; 581
6; 582
7; 582
8; 582
9; 582
10; 580
11; 582
12; 581
13; 581
14; 581
15; 580
0; 582
1; 580
2; 581
3; 579
4; 577
5; 579
6; 578
7; 578
8; 576
9; 575
10; 576
11; 574
12; 573
13; 572
14; 570
15; 571
0; 568
1; 568
2; 567
3; 565
4; 565
5; 560
6; 559
7; 557
8; 553
9; 552
10; 548
11; 545
12; 542
13; 539
14; 537
15; 531
0; 528
1; 523
2; 519
3; 519
4; 515
5; 513
6; 512
7; 510
8; 510
9; 508
10; 508
11; 507
12; 505
13; 507
14; 507
15; 508
0; 508
1; 506
2; 505
3; 504
4; 503
5; 500
6; 496
7; 496
8; 495
9; 493
10; 490
11; 486
12; 487
13; 485
14; 484
15; 485
0; 484
1; 487
2; 487
3; 491
4; 493
5; 493
6; 496
7; 496
8; 497
9; 496
10; 495
11; 496
12; 494
13; 494
14; 492
15; 491
0; 494
1; 492
2; 493
3; 492
4; 491
5; 492
6; 490
7; 490
8; 489
9; 487
10; 490
11; 489
12; 491
13; 492
14; 493
15; 496
0; 497
1; 499
2; 499
3; 499
4; 499
5; 496
6; 495
7; 493
8; 491
9; 492
10; 490
11; 491
12; 492
13; 492
14; 495
15; 495
0; 496
1; 496
2; 496
3; 497
4; 495
5; 496
6; 495
7; 495
8; 496
9; 496
10; 497
11; 496
12; 494
13; 494
14; 493
15; 493
0; 492
1; 491
2; 493
3; 494
4; 495
5; 496
6; 496
7; 498
8; 497
9; 497
10; 498
11; 497
12; 499
13; 498
14; 498
15; 498
0; 496
1; 499
2; 497
3; 499
4; 499
5; 499
6; 500
7; 500
8; 501
9; 502
10; 501
11; 504
12; 503
13; 504
14; 505
15; 505
0; 507
1; 505
2; 508
3; 508
4; 509
5; 514
6; 514
7; 516
8; 518
9; 519
10; 522
11; 520
12; 521
13; 520
14; 518
15; 519
0; 518
1; 517
2; 517
3; 518
4; 518
5; 517
6; 516
7; 514
8; 510
9; 511
10; 511
11; 511
12; 512
13; 512
14; 517
15; 516
0; 516
1; 517
2; 516
3; 518
4; 517
5; 516
6; 515
7; 513
8; 515
9; 511
10; 511
11; 509
12; 506
13; 506
14; 503
15; 502
0; 500
1; 497
2; 497
3; 494
4; 493
5; 492
6; 490
7; 491
8; 490
9; 492
10; 492
11; 491
12; 492
13; 491
14; 492
15; 492
0; 491
1; 492
2; 492
3; 492
4; 492
5; 492
6; 492
7; 491
8; 490
9; 489
10; 488
11; 489
12; 487
13; 487
14; 488
15; 489
0; 492
1; 491
2; 493
3; 495
4; 495
5; 496
6; 497
7; 498
8; 497
9; 496
10; 500
11; 502
12; 504
13; 504
14; 501
15; 499
0; 497
1; 496
2; 493
3; 491
4; 493
5; 490
6; 493
7; 494
8; 492
9; 492
10; 493
11; 493
12; 493
13; 491
14; 491
15; 489
0; 487
1; 487
2; 485
3; 487
4; 486
5; 486
6; 486
7; 487
8; 492
9; 494
10; 498
11; 502
12; 507
13; 514
14; 523
15; 534
0; 543
1; 551
2; 560
3; 567
4; 577
5; 586
6; 593
7; 604
8; 610
9; 616
10; 621
11; 624
12; 630
13; 633
14; 636
15; 636
0; 628
1; 620
2; 606
3; 594
4; 585
5; 575
6; 570
7; 561
8; 555
9; 546
10; 536
11; 529
12; 517
13; 506
14; 495
15; 482
0; 469
1; 455
2; 445
3; 436
4; 430
5; 429
6; 428
7; 428
8; 428
9; 427
10; 430
11; 432
12; 435
13; 438
14; 440
15; 445
0; 449
1; 454
2; 457
3; 457
4; 463
5; 463
6; 467
7; 470
8; 470
9; 474
10; 477
11; 481
12; 485
13; 491
14; 496
15; 499
0; 503
1; 507
2; 508
3; 512
4; 513
5; 516
6; 518
7; 515
8; 517
9; 516
10; 517
11; 515
12; 511
13; 512
14; 512
15; 512
0; 513
1; 514
2; 516
3; 513
4; 515
5; 515
6; 514
7; 516
8; 514
9; 516
10; 515
11; 515
12; 516
13; 516
14; 518
15; 519
0; 519
1; 522
2; 522
3; 524
4; 524
5; 524
6; 527
7; 526
8; 526
9; 526
10; 526
11; 528
12; 527
13; 528
14; 528
15; 528
0; 528
1; 529
2; 529
3; 530
4; 530
5; 533
6; 532
7; 532
8; 531
9; 531
10; 532
11; 529
12; 531
13; 531
14; 531
15; 532
0; 531
1; 532
2; 534
3; 532
4; 535
5; 533
6; 535
7; 536
8; 538
9; 542
10; 542
11; 546
12; 550
13; 554
14; 562
15; 565
0; 569
1; 574
2; 576
3; 579
4; 578
5; 580
6; 583
7; 583
8; 586
9; 585
10; 586
11; 586
12; 588
13; 590
14; 588
15; 591
0; 592
1; 590
2; 590
3; 586
4; 584
5; 583
6; 582
7; 582
8; 580
9; 579
10; 579
11; 576
12; 576
13; 572
14; 572
15; 572
0; 570
1; 570
2; 565
3; 564
4; 562
5; 559
6; 559
7; 555
8; 555
9; 552
10; 550
11; 548
12; 544
13; 542
14; 539
15; 536
0; 535
1; 533
2; 529
3; 527
4; 524
5; 524
6; 519
7; 518
8; 518
9; 516
10; 515
11; 513
12; 513
13; 511
14; 509
15; 508
0; 507
1; 506
2; 504
3; 502
4; 502
5; 500
6; 499
7; 497
8; 492
9; 493
10; 491
11; 489
12; 489
13; 487
14; 488
15; 485
0; 485
1; 485
2; 484
3; 487
4; 487
5; 487
6; 487
7; 486
8; 488
9; 488
10; 489
11; 491
12; 489
13; 489
14; 487
15; 485
0; 483
1; 481
2; 481
3; 477
4; 478
5; 478
6; 478
7; 480
8; 477
9; 477
10; 476
11; 476
12; 476
13; 474
14; 473
15; 475
0; 473
1; 475
2; 475
3; 475
4; 473
5; 470
6; 471
7; 468
8; 467
9; 467
10; 468
11; 470
12; 470
13; 470
14; 469
15; 468
0; 470
1; 470
2; 471
3; 472
4; 473
5; 478
6; 479
7; 480
8; 480
9; 480
10; 481
11; 479
12; 480
13; 480
14; 480
15; 480
0; 480
1; 480
2; 481
3; 482
4; 486
5; 487
6; 491
7; 492
8; 492
9; 495
10; 493
11; 494
12; 493
13; 492
14; 495
15; 495
0; 498
1; 499
2; 500
3; 502
4; 500
5; 503
6; 504
7; 505
8; 506
9; 507
10; 507
11; 507
12; 507
13; 509
14; 507
15; 506
0; 507
1; 506
2; 508
3; 505
4; 507
5; 506
6; 506
7; 508
8; 505
9; 508
10; 509
11; 509
12; 511
13; 508
14; 509
15; 509
0; 509
1; 510
2; 507
3; 509
4; 508
5; 508
6; 508
7; 508
8; 510
9; 509
10; 507
11; 506
12; 504
13; 505
14; 504
15; 506
0; 508
1; 507
2; 508
3; 508
4; 508
5; 510
6; 509
7; 507
8; 507
9; 506
10; 505
11; 503
12; 502
13; 498
14; 494
15; 492
0; 486
1; 483
2; 480
3; 478
4; 478
5; 476
6; 477
7; 477
8; 477
9; 480
10; 480
11; 481
12; 481
13; 481
14; 483
15; 483
0; 483
1; 482
2; 479
3; 480
4; 478
5; 478
6; 476
7; 475
8; 474
9; 474
10; 476
11; 477
12; 478
13; 480
14; 478
15; 478
0; 479
1; 479
2; 480
3; 478
4; 478
5; 479
6; 479
7; 482
8; 483
9; 484
10; 486
11; 485
12; 487
13; 487
14; 489
15; 489
0; 489
1; 491
2; 491
3; 490
4; 489
5; 488
6; 491
7; 491
8; 493
9; 493
10; 492
11; 492
12; 491
13; 490
14; 489
15; 486
0; 485
1; 480
2; 478
3; 475
4; 476
5; 478
6; 475
7; 473
8; 471
9; 471
10; 472
11; 473
12; 475
13; 478
14; 482
15; 488
0; 494
1; 502
2; 513
3; 523
4; 532
5; 541
6; 551
7; 561
8; 570
9; 584
10; 594
11; 606
12; 616
13; 625
14; 634
15; 636
0; 637
1; 637
2; 636
3; 634
4; 620
5; 611
6; 600
7; 589
8; 580
9; 570
10; 561
11; 553
12; 545
13; 537
14; 524
15; 512
0; 499
1; 485
2; 473
3; 457
4; 440
5; 427
6; 420
7; 416
8; 408
9; 406
10; 402
11; 402
12; 406
13; 408
14; 412
15; 414
0; 415
1; 416
2; 420
3; 425
4; 430
5; 433
6; 440
7; 444
8; 448
9; 452
10; 458
11; 463
12; 465
13; 472
14; 474
15; 476
0; 481
1; 483
2; 485
3; 489
4; 492
5; 494
6; 496
7; 498
8; 499
9; 499
10; 500
11; 500
12; 501
13; 498
14; 495
15; 501
0; 503
1; 506
2; 505
3; 505
4; 507
5; 504
6; 504
7; 504
8; 502
9; 501
10; 496
11; 493
12; 491
13; 492
14; 497
15; 500
0; 507
1; 508
2; 508
3; 512
4; 514
5; 516
6; 518
7; 520
8; 522
9; 519
10; 522
11; 525
12; 524
13; 525
14; 527
15; 530
0; 530
1; 527
2; 531
3; 533
4; 536
5; 538
6; 536
7; 538
8; 536
9; 537
10; 537
11; 539
12; 542
13; 539
14; 540
15; 542
0; 543
1; 545
2; 542
3; 543
4; 545
5; 545
6; 548
7; 551
8; 554
9; 554
10; 555
11; 559
12; 560
13; 562
14; 561
15; 562
0; 564
1; 565
2; 565
3; 566
4; 566
5; 568
6; 568
7; 569
8; 571
9; 572
10; 575
11; 575
12; 579
13; 582
14; 579
15; 582
0; 581
1; 583
2; 583
3; 584
4; 586
5; 582
6; 580
7; 583
8; 581
9; 578
10; 577
11; 576
12; 574
13; 573
14; 575
15; 575
0; 576
1; 571
2; 564
3; 564
4; 565
5; 567
6; 564
7; 562
8; 562
9; 560
10; 560
11; 556
12; 549
13; 549
14; 546
15; 548
0; 547
1; 542
2; 540
3; 536
4; 534
5; 530
6; 522
7; 521
8; 515
9; 514
10; 512
11; 510
12; 512
13; 512
14; 512
15; 511
0; 508
1; 508
2; 505
3; 503
4; 502
5; 499
6; 499
7; 495
8; 490
9; 488
10; 487
11; 487
12; 485
13; 483
14; 479
15; 477
0; 480
1; 481
2; 481
3; 477
4; 474
5; 476
6; 471
7; 469
8; 467
9; 465
10; 471
11; 473
12; 475
13; 478
14; 476
15; 478
0; 478
1; 478
2; 478
3; 477
4; 479
5; 477
6; 478
7; 481
8; 481
9; 484
10; 485
11; 485
12; 485
13; 482
14; 480
15; 477
0; 478
1; 479
2; 479
3; 484
4; 487
5; 491
6; 490
7; 487
8; 491
9; 487
10; 487
11; 487
12; 486
13; 487
14; 485
15; 489
0; 489
1; 486
2; 485
3; 483
4; 481
5; 478
6; 478
7; 483
8; 482
9; 479
10; 479
11; 481
12; 484
13; 484
14; 487
15; 486
0; 484
1; 484
2; 480
3; 482
4; 481
5; 481
6; 487
7; 492
8; 493
9; 490
10; 490
11; 489
12; 487
13; 487
14; 491
15; 493
0; 493
1; 489
2; 485
3; 481
4; 479
5; 480
6; 477
7; 478
8; 478
9; 482
10; 487
11; 490
12; 492
13; 488
14; 489
15; 496
0; 497
1; 490
2; 486
3; 488
4; 494
5; 499
6; 505
7; 508
8; 508
9; 515
10; 513
11; 513
12; 516
13; 511
14; 510
15; 509
0; 512
1; 509
2; 508
3; 508
4; 505
5; 509
6; 508
7; 507
8; 507
9; 507
10; 506
11; 507
12; 511
13; 509
14; 508
15; 509
0; 508
1; 509
2; 513
3; 513
4; 515
5; 511
6; 509
7; 509
8; 509
9; 509
10; 506
11; 504
12; 504
13; 500
14; 500
15; 495
0; 491
1; 493
2; 493
3; 492
4; 489
5; 488
6; 488
7; 486
8; 487
9; 483
10; 477
11; 474
12; 471
13; 471
14; 469
15; 468
0; 465
1; 463
2; 463
3; 467
4; 470
5; 475
6; 476
7; 478
8; 482
9; 484
10; 491
11; 490
12; 491
13; 494
14; 496
15; 499
0; 498
1; 499
2; 501
3; 499
4; 500
5; 501
6; 502
7; 500
8; 498
9; 499
10; 498
11; 497
12; 497
13; 494
14; 494
15; 489
0; 488
1; 489
2; 487
3; 489
4; 489
5; 489
6; 493
7; 495
8; 496
9; 492
10; 492
11; 491
12; 490
13; 492
14; 488
15; 486
0; 481
1; 478
2; 480
3; 477
4; 476
5; 475
6; 473
7; 475
8; 474
9; 475
10; 480
11; 485
12; 491
13; 494
14; 500
15; 503
0; 506
1; 512
2; 517
3; 526
4; 533
5; 542
6; 552
7; 562
8; 573
9; 583
10; 592
11; 602
12; 609
13; 616
14; 619
15; 617
0; 612
1; 605
2; 596
3; 587
4; 579
5; 575
6; 568
7; 566
8; 562
9; 557
10; 553
11; 545
12; 537
13; 527
14; 515
15; 504
0; 490
1; 478
2; 468
3; 460
4; 457
5; 454
6; 451
7; 449
8; 448
9; 448
10; 445
11; 447
12; 448
13; 446
14; 442
15; 439
0; 440
1; 440
2; 440
3; 440
4; 439
5; 444
6; 449
7; 451
8; 458
9; 462
10; 469
11; 475
12; 478
13; 484
14; 486
15; 488
0; 489
1; 491
2; 495
3; 498
4; 501
5; 504
6; 504
7; 505
8; 502
9; 503
10; 504
11; 504
12; 506
13; 504
14; 501
15; 502
0; 503
1; 506
2; 504
3; 506
4; 506
5; 507
6; 508
7; 507
8; 507
9; 505
10; 504
11; 506
12; 505
13; 506
14; 507
15; 507
0; 510
1; 511
2; 512
3; 514
4; 515
5; 518
6; 520
7; 522
8; 524
9; 524
10; 529
11; 531
12; 532
13; 534
14; 534
15; 537
0; 536
1; 540
2; 540
3; 538
4; 540
5; 539
6; 537
7; 535
8; 532
9; 534
10; 533
11; 535
12; 537
13; 539
14; 543
15; 543
0; 546
1; 548
2; 550
3; 554
4; 554
5; 556
6; 555
7; 554
8; 554
9; 551
10; 553
11; 555
12; 556
13; 560
14; 560
15; 561
0; 562
1; 562
2; 566
3; 566
4; 569
5; 568
6; 568
7; 571
8; 570
9; 572
10; 572
11; 573
12; 576
13; 574
14; 575
15; 575
0; 574
1; 576
2; 575
3; 575
4; 575
5; 574
6; 576
7; 575
8; 575
9; 574
10; 572
11; 573
12; 571
13; 572
14; 571
15; 569
0; 570
1; 568
2; 566
3; 566
4; 562
5; 563
6; 559
7; 557
8; 554
9; 551
10; 552
11; 549
12; 547
13; 545
14; 542
15; 540
0; 538
1; 537
2; 535
3; 532
4; 533
5; 530
6; 528
7; 527
8; 524
9; 524
10; 521
11; 521
12; 521
13; 520
14; 523
15; 521
0; 519
1; 518
2; 515
3; 514
4; 508
5; 506
6; 503
7; 499
8; 498
9; 495
10; 495
11; 492
12; 489
13; 490
14; 486
15; 484
0; 483
1; 482
2; 484
3; 481
4; 481
5; 480
6; 480
7; 480
8; 480
9; 481
10; 480
11; 479
12; 481
13; 480
14; 480
15; 481
0; 480
1; 481
2; 480
3; 483
4; 482
5; 481
6; 483
7; 482
8; 485
9; 483
10; 484
11; 487
12; 487
13; 487
14; 487
15; 487
0; 489
1; 487
2; 489
3; 489
4; 490
5; 492
6; 491
7; 492
8; 492
9; 492
10; 494
11; 492
12; 492
13; 492
14; 491
15; 492
0; 491
1; 489
2; 488
3; 487
4; 488
5; 487
6; 489
7; 491
8; 491
9; 493
10; 494
11; 496
12; 496
13; 497
14; 498
15; 496
0; 497
1; 497
2; 496
3; 498
4; 496
5; 497
6; 498
7; 498
8; 501
9; 499
10; 499
11; 497
12; 495
13; 495
14; 495
15; 493
0; 492
1; 489
2; 490
3; 489
4; 489
5; 489
6; 488
7; 491
8; 491
9; 493
10; 494
11; 496
12; 498
13; 498
14; 499
15; 500
0; 501
1; 503
2; 502
3; 503
4; 503
5; 502
6; 501
7; 501
8; 501
9; 502
10; 502
11; 504
12; 506
13; 510
14; 510
15; 512
0; 515
1; 513
2; 515
3; 514
4; 515
5; 516
6; 515
7; 515
8; 514
9; 511
10; 512
11; 511
12; 510
13; 510
14; 510
15; 511
0; 509
1; 511
2; 510
3; 511
4; 511
5; 509
6; 510
7; 509
8; 508
9; 508
10; 505
11; 507
12; 506
13; 505
14; 507
15; 505
0; 504
1; 504
2; 503
3; 503
4; 499
5; 500
6; 499
7; 497
8; 497
9; 495
10; 496
11; 494
12; 492
13; 493
14; 491
15; 491
0; 488
1; 487
2; 487
3; 485
4; 486
5; 484
6; 483
7; 486
8; 484
9; 484
10; 484
11; 483
12; 486
13; 484
14; 483
15; 483
0; 483
1; 486
2; 487
3; 491
4; 492
5; 492
6; 494
7; 491
8; 491
9; 489
10; 488
11; 489
12; 488
13; 488
14; 488
15; 487
0; 490
1; 492
2; 494
3; 494
4; 494
5; 498
6; 495
7; 494
8; 495
9; 494
10; 495
11; 492
12; 494
13; 493
14; 491
15; 492
0; 489
1; 488
2; 488
3; 484
4; 482
5; 481
6; 479
7; 478
8; 476
9; 476
10; 474
11; 475
12; 477
13; 478
14; 480
15; 481
0; 486
1; 489
2; 492
3; 500
4; 506
5; 515
6; 524
7; 533
8; 543
9; 552
10; 563
11; 574
12; 585
13; 600
14; 604
15; 611
0; 616
1; 620
2; 627
3; 629
4; 635
5; 632
6; 621
7; 612
8; 597
9; 587
10; 576
11; 565
12; 556
13; 546
14; 540
15; 530
0; 521
1; 513
2; 501
3; 492
4; 480
5; 467
6; 454
7; 438
8; 428
9; 421
10; 415
11; 412
12; 412
13; 414
14; 415
15; 415
0; 415
1; 418
2; 425
3; 428
4; 431
5; 436
6; 441
7; 447
8; 452
9; 458
10; 465
11; 468
12; 474
13; 478
14; 482
15; 486
0; 490
1; 496
2; 498
3; 501
4; 504
5; 508
6; 511
7; 512
8; 512
9; 515
10; 516
11; 516
12; 519
13; 519
14; 519
15; 521
0; 520
1; 520
2; 520
3; 523
4; 526
5; 526
6; 526
7; 527
8; 530
9; 527
10; 527
11; 526
12; 522
13; 520
14; 516
15; 515
0; 514
1; 514
2; 514
3; 514
4; 515
5; 518
6; 518
7; 520
8; 516
9; 514
10; 514
11; 515
12; 517
13; 516
14; 517
15; 519
0; 519
1; 523
2; 523
3; 524
4; 525
5; 525
6; 529
7; 529
8; 530
9; 531
10; 531
11; 535
12; 536
13; 537
14; 539
15; 539
0; 542
1; 541
2; 543
3; 543
4; 543
5; 545
6; 544
7; 546
8; 547
9; 547
10; 551
11; 550
12; 551
13; 553
14; 553
15; 556
0; 557
1; 560
2; 563
3; 563
4; 567
5; 566
6; 567
7; 570
8; 572
9; 575
10; 576
11; 579
12; 581
13; 583
14; 584
15; 585
0; 586
1; 585
2; 583
3; 587
4; 586
5; 587
6; 587
7; 584
8; 585
9; 586
10; 586
11; 584
12; 582
13; 585
14; 583
15; 583
0; 582
1; 581
2; 583
3; 579
4; 579
5; 578
6; 577
7; 576
8; 572
9; 569
10; 567
11; 563
12; 563
13; 558
14; 557
15; 553
0; 549
1; 548
2; 545
3; 541
4; 540
5; 537
6; 536
7; 535
8; 535
9; 535
10; 533
11; 534
12; 529
13; 526
14; 523
15; 519
0; 519
1; 514
2; 510
3; 507
4; 504
5; 504
6; 500
7; 501
8; 500
9; 497
10; 496
11; 494
12; 492
13; 491
14; 489
15; 490
0; 488
1; 491
2; 492
3; 491
4; 489
5; 488
6; 487
7; 487
8; 486
9; 487
10; 485
11; 487
12; 488
13; 487
14; 488
15; 487
0; 486
1; 484
2; 483
3; 483
4; 481
5; 482
6; 483
7; 480
8; 483
9; 482
10; 483
11; 486
12; 487
13; 489
14; 487
15; 487
0; 487
1; 485
2; 484
3; 480
4; 479
5; 476
6; 473
7; 474
8; 476
9; 478
10; 477
11; 477
12; 476
13; 476
14; 477
15; 478
0; 476
1; 476
2; 472
3; 472
4; 472
5; 472
6; 472
7; 471
8; 473
9; 476
10; 476
11; 478
12; 478
13; 477
14; 474
15; 473
0; 473
1; 471
2; 470
3; 472
4; 474
5; 479
6; 480
7; 483
8; 483
9; 486
10; 487
11; 486
12; 487
13; 489
14; 488
15; 488
0; 485
1; 486
2; 487
3; 486
4; 488
5; 489
6; 487
7; 487
8; 486
9; 489
10; 489
11; 488
12; 488
13; 489
14; 491
15; 491
0; 493
1; 495
2; 495
3; 498
4; 500
5; 501
6; 499
7; 499
8; 500
9; 498
10; 496
11; 498
12; 497
13; 498
14; 497
15; 500
0; 500
1; 500
2; 501
3; 503
4; 504
5; 504
6; 503
7; 504
8; 502
9; 506
10; 508
11; 508
12; 509
13; 511
14; 512
15; 511
0; 511
1; 510
2; 509
3; 509
4; 510
5; 509
6; 507
7; 507
8; 509
9; 508
10; 511
11; 509
12; 507
13; 508
14; 508
15; 510
0; 512
1; 507
2; 509
3; 510
4; 506
5; 505
6; 501
7; 500
8; 497
9; 492
10; 490
11; 487
12; 487
13; 485
14; 483
15; 484
0; 484
1; 487
2; 489
3; 486
4; 486
5; 486
6; 485
7; 486
8; 484
9; 485
10; 483
11; 483
12; 480
13; 476
14; 476
15; 476
0; 475
1; 477
2; 477
3; 481
4; 481
5; 484
6; 484
7; 483
8; 487
9; 487
10; 488
11; 488
12; 486
13; 488
14; 488
15; 491
0; 491
1; 492
2; 494
3; 494
4; 494
5; 495
6; 493
7; 492
8; 491
9; 491
10; 489
11; 487
12; 485
13; 483
14; 486
15; 487
0; 485
1; 487
2; 486
3; 487
4; 487
5; 486
6; 488
7; 487
8; 484
9; 485
10; 480
11; 479
12; 475
13; 476
14; 475
15; 472
0; 472
1; 472
2; 473
3; 473
4; 476
5; 480
6; 483
7; 489
8; 494
9; 499
10; 508
11; 513
12; 526
13; 536
14; 545
15; 556
0; 567
1; 578
2; 591
3; 601
4; 614
5; 619
6; 630
7; 635
8; 640
9; 648
10; 651
11; 652
12; 646
13; 632
14; 620
15; 607
0; 595
1; 583
2; 573
3; 566
4; 557
5; 549
6; 539
7; 527
8; 514
9; 497
10; 481
11; 466
12; 447
13; 430
14; 414
15; 403
0; 398
1; 395
2; 395
3; 396
4; 398
5; 401
6; 401
7; 404
8; 408
9; 412
10; 416
11; 419
12; 423
13; 430
14; 434
15; 439
0; 442
1; 448
2; 452
3; 457
4; 462
5; 470
6; 476
7; 478
8; 482
9; 485
10; 488
11; 492
12; 492
13; 494
14; 495
15; 497
0; 499
1; 499
2; 502
3; 503
4; 504
5; 505
6; 506
7; 508
8; 509
9; 510
10; 513
11; 516
12; 518
13; 519
14; 519
15; 522
0; 520
1; 520
2; 519
3; 518
4; 520
5; 518
6; 518
7; 518
8; 518
9; 520
10; 520
11; 522
12; 523
13; 524
14; 526
15; 526
0; 527
1; 527
2; 527
3; 529
4; 527
5; 531
6; 533
7; 532
8; 535
9; 534
10; 534
11; 534
12; 534
13; 536
14; 536
15; 536
0; 536
1; 535
2; 538
3; 538
4; 538
5; 539
6; 539
7; 541
8; 541
9; 544
10; 547
11; 548
12; 551
13; 551
14; 554
15; 556
0; 556
1; 558
2; 560
3; 561
4; 561
5; 561
6; 563
7; 564
8; 568
9; 571
10; 572
11; 578
12; 579
13; 581
14; 583
15; 583
0; 585
1; 584
2; 587
3; 587
4; 585
5; 587
6; 585
7; 586
8; 588
9; 588
10; 591
11; 591
12; 592
13; 593
14; 593
15; 595
0; 594
1; 594
2; 594
3; 593
4; 594
5; 591
6; 592
7; 592
8; 590
9; 591
10; 589
11; 589
12; 587
13; 584
14; 585
15; 581
0; 581
1; 579
2; 575
3; 575
4; 570
5; 568
6; 566
7; 563
8; 562
9; 557
10; 556
11; 553
12; 549
13; 547
14; 543
15; 539
0; 536
1; 529
2; 527
3; 520
4; 519
5; 516
6; 513
7; 513
8; 509
9; 510
10; 508
11; 507
12; 505
13; 503
14; 501
15; 499
0; 496
1; 492
2; 489
3; 485
4; 480
5; 478
6; 478
7; 476
8; 473
9; 472
10; 471
11; 471
12; 469
13; 471
14; 470
15; 471
0; 473
1; 474
2; 474
3; 474
4; 473
5; 473
6; 470
7; 469
8; 468
9; 467
10; 466
11; 464
12; 464
13; 463
14; 463
15; 465
0; 463
1; 465
2; 466
3; 466
4; 468
5; 467
6; 469
7; 468
8; 467
9; 468
10; 468
11; 470
12; 471
13; 471
14; 473
15; 474
0; 475
1; 476
2; 476
3; 478
4; 476
5; 476
6; 476
7; 476
8; 478
9; 477
10; 479
11; 478
12; 478
13; 479
14; 478
15; 479
0; 479
1; 478
2; 479
3; 475
4; 475
5; 476
6; 475
7; 475
8; 473
9; 473
10; 472
11; 472
12; 472
13; 471
14; 472
15; 471
0; 471
1; 472
2; 470
3; 472
4; 472
5; 472
6; 473
7; 472
8; 474
9; 474
10; 475
11; 476
12; 474
13; 476
14; 477
15; 479
0; 481
1; 482
2; 483
3; 483
4; 483
5; 485
6; 483
7; 483
8; 483
9; 484
10; 485
11; 482
12; 483
13; 483
14; 482
15; 484
0; 483
1; 485
2; 486
3; 487
4; 491
5; 489
6; 490
7; 490
8; 489
9; 489
10; 489
11; 491
12; 492
13; 494
14; 495
15; 492
0; 494
1; 495
2; 494
3; 497
4; 496
5; 498
6; 498
7; 497
8; 496
9; 494
10; 493
11; 491
12; 490
13; 494
14; 494
15; 498
0; 501
1; 504
2; 508
3; 509
4; 511
5; 511
6; 509
7; 512
8; 508
9; 510
10; 509
11; 508
12; 507
13; 504
14; 503
15; 499
0; 495
1; 494
2; 492
3; 492
4; 491
5; 487
6; 487
7; 484
8; 483
9; 484
10; 485
11; 483
12; 482
13; 482
14; 481
15; 482
0; 483
1; 480
2; 482
3; 485
4; 482
5; 481
6; 481
7; 482
8; 480
9; 476
10; 477
11; 476
12; 478
13; 480
14; 479
15; 480
0; 480
1; 482
2; 483
3; 481
4; 485
5; 486
6; 487
7; 488
8; 488
9; 488
10; 486
11; 485
12; 485
13; 483
14; 482
15; 481
0; 481
1; 481
2; 481
3; 483
4; 483
5; 485
6; 485
7; 487
8; 491
9; 492
10; 492
11; 493
12; 492
13; 492
14; 489
15; 489
0; 489
1; 486
2; 485
3; 481
4; 478
5; 475
6; 471
7; 469
8; 466
9; 467
10; 468
11; 467
12; 467
13; 464
14; 467
15; 472
0; 476
1; 483
2; 489
3; 498
4; 505
5; 514
6; 527
7; 540
8; 554
9; 564
10; 573
11; 582
12; 591
13; 602
14; 610
15; 616
0; 623
1; 628
2; 634
3; 633
4; 628
5; 619
6; 606
7; 596
8; 587
9; 578
10; 575
11; 568
12; 564
13; 558
14; 550
15; 542
0; 526
1; 512
2; 499
3; 484
4; 472
5; 453
6; 443
7; 431
8; 424
9; 418
10; 410
11; 410
12; 411
13; 412
14; 415
15; 418
0; 420
1; 418
2; 417
3; 422
4; 422
5; 425
6; 428
7; 430
8; 436
9; 439
10; 444
11; 449
12; 453
13; 461
14; 467
15; 473
0; 474
1; 477
2; 481
3; 484
4; 488
5; 489
6; 489
7; 491
8; 491
9; 493
10; 494
11; 493
12; 499
13; 502
14; 505
15; 504
0; 499
1; 498
2; 494
3; 494
4; 497
5; 500
6; 504
7; 505
8; 506
9; 507
10; 509
11; 514
12; 516
13; 519
14; 519
15; 520
0; 523
1; 524
2; 526
3; 524
4; 524
5; 525
6; 523
7; 526
8; 524
9; 526
10; 527
11; 526
12; 526
13; 525
14; 526
15; 530
0; 530
1; 532
2; 532
3; 532
4; 535
5; 535
6; 534
7; 536
8; 536
9; 536
10; 535
11; 535
12; 535
13; 536
14; 540
15; 542
0; 543
1; 546
2; 545
3; 545
4; 547
5; 550
6; 552
7; 551
8; 555
9; 553
10; 551
11; 551
12; 554
13; 556
14; 556
15; 561
0; 562
1; 559
2; 561
3; 559
4; 561
5; 563
6; 564
7; 567
8; 566
9; 568
10; 573
11; 578
12; 582
13; 584
14; 586
15; 590
0; 590
1; 591
2; 588
3; 590
4; 593
5; 587
6; 585
7; 580
8; 579
9; 582
10; 578
11; 578
12; 575
13; 578
14; 580
15; 578
0; 578
1; 575
2; 574
3; 573
4; 569
5; 568
6; 568
7; 567
8; 563
9; 565
10; 565
11; 560
12; 557
13; 554
14; 554
15; 556
0; 549
1; 547
2; 545
3; 542
4; 544
5; 540
6; 537
7; 533
8; 528
9; 527
10; 521
11; 520
12; 517
13; 513
14; 510
15; 507
0; 505
1; 502
2; 500
3; 501
4; 497
5; 498
6; 499
7; 498
8; 498
9; 499
10; 502
11; 497
12; 493
13; 498
14; 499
15; 496
0; 495
1; 495
2; 494
3; 492
4; 492
5; 491
6; 488
7; 487
8; 485
9; 482
10; 479
11; 479
12; 484
13; 484
14; 483
15; 479
0; 478
1; 482
2; 477
3; 473
4; 477
5; 477
6; 479
7; 480
8; 484
9; 486
10; 486
11; 487
12; 484
13; 487
14; 483
15; 480
0; 480
1; 480
2; 478
3; 475
4; 472
5; 472
6; 471
7; 474
8; 474
9; 472
10; 475
11; 475
12; 476
13; 475
14; 478
15; 483
0; 483
1; 483
2; 483
3; 480
4; 479
5; 476
6; 476
7; 478
8; 479
9; 481
10; 480
11; 477
12; 470
13; 467
14; 472
15; 471
0; 469
1; 473
2; 474
3; 473
4; 472
5; 473
6; 475
7; 476
8; 479
9; 479
10; 483
11; 486
12; 488
13; 491
14; 488
15; 490
0; 488
1; 492
2; 498
3; 498
4; 498
5; 496
6; 493
7; 495
8; 495
9; 494
10; 491
11; 489
12; 487
13; 487
14; 488
15; 487
0; 487
1; 489
2; 489
3; 494
4; 497
5; 498
6; 499
7; 498
8; 499
9; 501
10; 503
11; 506
12; 504
13; 505
14; 507
15; 508
0; 510
1; 510
2; 509
3; 507
4; 506
5; 508
6; 508
7; 506
8; 503
9; 501
10; 502
11; 500
12; 502
13; 504
14; 504
15; 504
0; 503
1; 505
2; 504
3; 505
4; 507
5; 505
6; 504
7; 505
8; 503
9; 504
10; 502
11; 501
12; 500
13; 500
14; 501
15; 497
0; 497
1; 496
2; 493
3; 493
4; 491
5; 490
6; 488
7; 487
8; 487
9; 484
10; 484
11; 480
12; 476
13; 476
14; 472
15; 472
0; 470
1; 471
2; 474
3; 476
4; 479
5; 483
6; 486
7; 491
8; 493
9; 494
10; 494
11; 494
12; 495
13; 495
14; 496
15; 498
0; 495
1; 497
2; 496
3; 496
4; 496
5; 495
6; 498
7; 496
8; 496
9; 496
10; 495
11; 498
12; 497
13; 497
14; 497
15; 497
0; 496
1; 496
2; 496
3; 495
4; 497
5; 499
6; 497
7; 498
8; 498
9; 496
10; 496
11; 493
12; 492
13; 489
14; 487
15; 486
0; 481
1; 480
2; 478
3; 475
4; 475
5; 473
6; 473
7; 475
8; 474
9; 477
10; 478
11; 481
12; 483
13; 487
14; 494
15; 499
0; 507
1; 513
2; 520
3; 529
4; 537
5; 549
6; 561
7; 571
8; 584
9; 593
10; 604
11; 611
12; 616
13; 622
14; 626
15; 627
0; 619
1; 611
2; 601
3; 589
4; 584
5; 577
6; 571
7; 568
8; 563
9; 558
10; 551
11; 543
12; 537
13; 528
14; 519
15; 507
0; 494
1; 480
2; 463
3; 454
4; 446
5; 440
6; 436
7; 432
8; 432
9; 432
10; 432
11; 435
12; 435
13; 438
14; 439
15; 440
0; 443
1; 443
2; 443
3; 444
4; 444
5; 447
6; 448
7; 451
8; 454
9; 457
10; 461
11; 464
12; 469
13; 472
14; 478
15; 484
0; 486
1; 491
2; 494
3; 496
4; 499
5; 499
6; 500
7; 501
8; 502
9; 505
10; 506
11; 508
12; 508
13; 508
14; 509
15; 507
0; 508
1; 508
2; 508
3; 510
4; 510
5; 511
6; 511
7; 512
8; 513
9; 512
10; 516
11; 516
12; 518
13; 519
14; 520
15; 521
0; 521
1; 522
2; 523
3; 524
4; 525
5; 524
6; 524
7; 524
8; 519
9; 519
10; 518
11; 517
12; 519
13; 518
14; 521
15; 524
0; 525
1; 528
2; 528
3; 529
4; 530
5; 530
6; 534
7; 535
8; 537
9; 537
10; 537
11; 540
12; 540
13; 541
14; 540
15; 539
0; 541
1; 540
2; 540
3; 542
4; 542
5; 545
6; 543
7; 545
8; 545
9; 545
10; 546
11; 544
12; 549
13; 549
14; 548
15; 549
0; 549
1; 552
2; 553
3; 553
4; 556
5; 559
6; 563
7; 567
8; 568
9; 572
10; 572
11; 575
12; 577
13; 576
14; 579
15; 579
0; 580
1; 580
2; 579
3; 579
4; 575
5; 575
6; 572
7; 572
8; 574
9; 574
10; 574
11; 572
12; 570
13; 572
14; 568
15; 567
0; 564
1; 561
2; 562
3; 560
4; 559
5; 556
6; 554
7; 554
8; 550
9; 550
10; 548
11; 545
12; 545
13; 541
14; 539
15; 536
0; 533
1; 533
2; 529
3; 530
4; 527
5; 525
6; 525
7; 524
8; 524
9; 524
10; 522
11; 523
12; 520
13; 519
14; 517
15; 513
0; 513
1; 510
2; 508
3; 505
4; 500
5; 501
6; 498
7; 497
8; 495
9; 492
10; 492
11; 488
12; 486
13; 485
14; 484
15; 483
0; 480
1; 482
2; 481
3; 479
4; 480
5; 479
6; 480
7; 481
8; 481
9; 482
10; 483
11; 486
12; 487
13; 487
14; 487
15; 485
0; 484
1; 483
2; 481
3; 480
4; 478
5; 478
6; 478
7; 479
8; 481
9; 481
10; 482
11; 483
12; 481
13; 484
14; 483
15; 484
0; 483
1; 481
2; 483
3; 481
4; 484
5; 483
6; 482
7; 483
8; 482
9; 482
10; 482
11; 483
12; 486
13; 485
14; 487
15; 488
0; 489
1; 491
2; 491
3; 492
4; 492
5; 491
6; 491
7; 490
8; 491
9; 490
10; 489
11; 490
12; 488
13; 488
14; 488
15; 488
0; 491
1; 489
2; 489
3; 490
4; 491
5; 492
6; 490
7; 491
8; 490
9; 491
10; 492
11; 492
12; 492
13; 492
14; 490
15; 490
0; 489
1; 490
2; 488
3; 488
4; 490
5; 491
6; 492
7; 494
8; 494
9; 492
10; 491
11; 492
12; 491
13; 490
14; 490
15; 488
0; 490
1; 490
2; 491
3; 492
4; 493
5; 495
6; 496
7; 497
8; 499
9; 499
10; 499
11; 500
12; 501
13; 501
14; 498
15; 499
0; 499
1; 501
2; 504
3; 504
4; 505
5; 507
6; 509
7; 513
8; 512
9; 515
10; 512
11; 512
12; 515
13; 515
14; 514
15; 514
0; 514
1; 514
2; 512
3; 512
4; 512
5; 511
6; 513
7; 512
8; 513
9; 512
10; 510
11; 508
12; 505
13; 500
14; 500
15; 499
0; 500
1; 499
2; 499
3; 499
4; 497
5; 499
6; 499
7; 499
8; 500
9; 500
10; 502
11; 499
12; 499
13; 498
14; 496
15; 496
0; 494
1; 494
2; 494
3; 495
4; 494
5; 494
6; 495
7; 494
8; 492
9; 496
10; 493
11; 492
12; 492
13; 493
14; 492
15; 492
0; 492
1; 491
2; 489
3; 487
4; 485
5; 484
6; 486
7; 486
8; 486
9; 486
10; 488
11; 489
12; 490
13; 493
14; 492
15; 493
0; 493
1; 492
2; 494
3; 492
4; 493
5; 491
6; 491
7; 492
8; 492
9; 492
10; 493
11; 493
12; 494
13; 492
14; 491
15; 490
0; 489
1; 490
2; 488
3; 488
4; 487
5; 485
6; 486
7; 483
8; 482
9; 480
10; 479
11; 479
12; 477
13; 476
14; 476
15; 477
0; 480
1; 481
2; 484
3; 487
4; 492
5; 498
6; 503
7; 510
8; 516
9; 524
10; 534
11; 540
12; 548
13; 556
14; 564
15; 576
0; 584
1; 592
2; 597
3; 600
4; 608
5; 610
6; 615
7; 618
8; 621
9; 621
10; 615
11; 605
12; 592
13; 582
14; 575
15; 566
0; 560
1; 552
2; 542
3; 534
4; 520
5; 509
6; 496
7; 484
8; 473
9; 461
10; 450
11; 440
12; 435
13; 433
14; 430
15; 431
0; 431
1; 432
2; 435
3; 437
4; 440
5; 441
6; 442
7; 445
8; 447
9; 449
10; 453
11; 457
12; 464
13; 468
14; 472
15; 476
0; 478
1; 482
2; 483
3; 487
4; 487
5; 489
6; 492
7; 492
8; 493
9; 494
10; 495
11; 498
12; 499
13; 502
14; 503
15; 506
0; 508
1; 509
2; 510
3; 510
4; 510
5; 512
6; 511
7; 513
8; 514
9; 515
10; 516
11; 515
12; 515
13; 515
14; 513
15; 515
0; 514
1; 514
2; 514
3; 515
4; 518
5; 516
6; 515
7; 515
8; 515
9; 515
10; 512
11; 515
12; 516
13; 515
14; 516
15; 516
0; 516
1; 517
2; 516
3; 518
4; 518
5; 519
6; 519
7; 519
8; 519
9; 518
10; 518
11; 519
12; 519
13; 521
14; 522
15; 523
0; 523
1; 523
2; 525
3; 524
4; 527
5; 527
6; 528
7; 529
8; 530
9; 530
10; 531
11; 531
12; 532
13; 531
14; 533
15; 534
0; 535
1; 537
2; 538
3; 540
4; 541
5; 543
6; 548
7; 550
8; 551
9; 552
10; 552
11; 554
12; 554
13; 556
14; 557
15; 559
0; 559
1; 560
2; 562
3; 564
4; 566
5; 571
6; 572
7; 575
8; 575
9; 575
10; 577
11; 576
12; 577
13; 578
14; 578
15; 578
0; 578
1; 579
2; 576
3; 573
4; 574
5; 573
6; 572
7; 572
8; 571
9; 571
10; 568
11; 567
12; 566
13; 563
14; 563
15; 560
0; 560
1; 557
2; 555
3; 555
4; 551
5; 552
6; 549
7; 546
8; 545
9; 543
10; 542
11; 540
12; 537
13; 537
14; 532
15; 531
0; 527
1; 525
2; 524
3; 521
4; 519
5; 516
6; 512
7; 511
8; 507
9; 507
10; 505
11; 503
12; 504
13; 501
14; 501
15; 500
0; 498
1; 500
2; 498
3; 498
4; 496
5; 496
6; 496
7; 494
8; 494
9; 493
10; 491
11; 490
12; 486
13; 486
14; 485
15; 483
0; 483
1; 482
2; 483
3; 483
4; 483
5; 485
6; 485
7; 487
8; 488
9; 488
10; 490
11; 489
12; 489
13; 489
14; 487
15; 487
0; 485
1; 485
2; 486
3; 486
4; 487
5; 485
6; 486
7; 485
8; 483
9; 484
10; 482
11; 483
12; 482
13; 483
14; 483
15; 482
0; 483
1; 483
2; 483
3; 484
4; 483
5; 486
6; 485
7; 484
8; 485
9; 483
10; 484
11; 483
12; 483
13; 484
14; 484
15; 485
0; 485
1; 485
2; 486
3; 485
4; 486
5; 486
6; 486
7; 489
8; 488
9; 488
10; 487
11; 487
12; 489
13; 489
14; 489
15; 489
0; 489
1; 490
2; 490
3; 490
4; 490
5; 489
6; 490
7; 490
8; 492
9; 492
10; 492
11; 494
12; 494
13; 496
14; 496
15; 496
0; 496
1; 496
2; 499
3; 499
4; 499
5; 499
6; 501
7; 503
8; 503
9; 501
10; 502
11; 501
12; 500
13; 500
14; 499
15; 501
0; 499
1; 499
2; 497
3; 496
4; 495
5; 495
6; 494
7; 495
8; 495
9; 495
10; 496
11; 497
12; 500
13; 503
14; 505
15; 504
0; 509
1; 510
2; 508
3; 510
4; 507
5; 507
6; 507
7; 506
8; 508
9; 507
10; 507
11; 507
12; 507
13; 508
14; 508
15; 510
0; 511
1; 512
2; 514
3; 514
4; 514
5; 515
6; 515
7; 516
8; 514
9; 514
10; 514
11; 513
12; 513
13; 511
14; 509
15; 507
0; 504
1; 503
2; 500
3; 499
4; 498
5; 497
6; 497
7; 496
8; 497
9; 497
10; 496
11; 497
12; 495
13; 496
14; 495
15; 493
0; 493
1; 491
2; 491
3; 490
4; 488
5; 489
6; 487
7; 489
8; 489
9; 491
10; 491
11; 491
12; 491
13; 490
14; 489
15; 490
0; 488
1; 489
2; 491
3; 492
4; 493
5; 491
6; 492
7; 492
8; 492
9; 493
10; 492
11; 492
12; 491
13; 492
14; 493
15; 492
0; 494
1; 495
2; 495
3; 495
4; 493
5; 492
6; 490
7; 490
8; 489
9; 489
10; 489
11; 487
12; 487
13; 487
14; 485
15; 484
0; 483
1; 481
2; 480
3; 479
4; 479
5; 477
6; 476
7; 476
8; 476
9; 478
10; 479
11; 481
12; 486
13; 489
14; 493
15; 499
0; 505
1; 512
2; 520
3; 529
4; 537
5; 542
6; 553
7; 562
8; 576
9; 585
10; 592
11; 600
12; 603
13; 609
14; 613
15; 615
0; 619
1; 621
2; 622
3; 615
4; 605
5; 595
6; 581
7; 571
8; 562
9; 554
10; 549
11; 541
12; 532
13; 524
14; 514
15; 504
0; 492
1; 481
2; 471
3; 458
4; 448
5; 438
6; 432
7; 426
8; 424
9; 423
10; 423
11; 425
12; 426
13; 427
14; 429
15; 430
0; 434
1; 437
2; 440
3; 446
4; 450
5; 455
6; 460
7; 463
8; 468
9; 471
10; 475
11; 479
12; 483
13; 487
14; 491
15; 496
0; 498
1; 498
2; 500
3; 500
4; 501
5; 502
6; 501
7; 503
8; 502
9; 502
10; 502
11; 502
12; 505
13; 506
14; 507
15; 509
0; 511
1; 512
2; 513
3; 513
4; 512
5; 510
6; 511
7; 508
8; 507
9; 507
10; 504
11; 504
12; 503
13; 503
14; 505
15; 507
0; 510
1; 509
2; 511
3; 513
4; 513
5; 516
6; 516
7; 518
8; 517
9; 516
10; 516
11; 513
12; 512
13; 512
14; 511
15; 515
0; 515
1; 518
2; 520
3; 522
4; 526
5; 528
6; 532
7; 535
8; 536
9; 539
10; 540
11; 543
12; 543
13; 544
14; 548
15; 548
0; 548
1; 548
2; 546
3; 548
4; 546
5; 549
6; 549
7; 550
8; 550
9; 548
10; 551
11; 552
12; 553
13; 556
14; 558
15; 560
0; 563
1; 565
2; 569
3; 569
4; 572
5; 574
6; 575
7; 576
8; 573
9; 571
10; 568
11; 566
12; 568
13; 566
14; 568
15; 569
0; 569
1; 572
2; 573
3; 574
4; 574
5; 572
6; 577
7; 579
8; 579
9; 577
10; 573
11; 574
12; 571
13; 570
14; 569
15; 567
0; 568
1; 565
2; 563
3; 561
4; 559
5; 558
6; 556
7; 553
8; 553
9; 553
10; 554
11; 551
12; 551
13; 549
14; 548
15; 547
0; 542
1; 539
2; 536
3; 534
4; 534
5; 532
6; 532
7; 531
8; 529
9; 527
10; 523
11; 520
12; 519
13; 518
14; 518
15; 515
0; 515
1; 514
2; 512
3; 513
4; 511
5; 507
6; 502
7; 497
8; 495
9; 490
10; 487
11; 485
12; 486
13; 489
14; 491
15; 494
0; 493
1; 494
2; 494
3; 492
4; 493
5; 493
6; 491
7; 490
8; 487
9; 486
10; 485
11; 484
12; 486
13; 487
14; 485
15; 481
0; 481
1; 485
2; 485
3; 487
4; 485
5; 483
6; 484
7; 484
8; 484
9; 483
10; 481
11; 480
12; 477
13; 476
14; 475
15; 474
0; 476
1; 476
2; 476
3; 476
4; 475
5; 476
6; 473
7; 473
8; 472
9; 473
10; 473
11; 472
12; 472
13; 472
14; 472
15; 473
0; 473
1; 475
2; 478
3; 478
4; 483
5; 484
6; 487
7; 488
8; 489
9; 489
10; 488
11; 489
12; 490
13; 490
14; 491
15; 490
0; 491
1; 490
2; 488
3; 489
4; 487
5; 487
6; 486
7; 487
8; 489
9; 489
10; 492
11; 494
12; 495
13; 498
14; 499
15; 500
0; 501
1; 502
2; 503
3; 502
4; 503
5; 503
6; 502
7; 502
8; 499
9; 498
10; 496
11; 496
12; 496
13; 497
14; 499
15; 499
0; 499
1; 498
2; 499
3; 499
4; 499
5; 499
6; 501
7; 500
8; 501
9; 500
10; 500
11; 501
12; 499
13; 501
14; 500
15; 500
0; 502
1; 500
2; 502
3; 503
4; 503
5; 503
6; 502
7; 502
8; 503
9; 504
10; 507
11; 507
12; 509
13; 509
14; 508
15; 510
0; 508
1; 508
2; 508
3; 507
4; 508
5; 508
6; 508
7; 508
8; 507
9; 508
10; 506
11; 507
12; 508
13; 507
14; 507
15; 507
0; 508
1; 509
2; 509
3; 510
4; 508
5; 509
6; 508
7; 505
8; 505
9; 504
10; 503
11; 503
12; 503
13; 503
14; 502
15; 503
0; 500
1; 499
2; 499
3; 498
4; 497
5; 496
6; 495
7; 496
8; 494
9; 496
10; 497
11; 497
12; 498
13; 497
14; 498
15; 499
0; 498
1; 499
2; 495
3; 494
4; 493
5; 493
6; 495
7; 495
8; 492
9; 493
10; 495
11; 495
12; 493
13; 495
14; 496
15; 495
0; 494
1; 493
2; 493
3; 493
4; 493
5; 494
6; 493
7; 494
8; 493
9; 494
10; 495
11; 494
12; 495
13; 496
14; 496
15; 496
0; 494
1; 496
2; 496
3; 495
4; 494
5; 492
6; 492
7; 491
8; 491
9; 489
10; 487
11; 487
12; 484
13; 481
14; 482
15; 479
0; 477
1; 475
2; 474
3; 473
4; 473
5; 474
6; 473
7; 475
8; 478
9; 478
10; 483
11; 487
12; 491
13; 498
14; 503
15; 513
0; 522
1; 531
2; 540
3; 549
4; 559
5; 568
6; 578
7; 589
8; 596
9; 602
10; 608
11; 612
12; 617
13; 620
14; 624
15; 622
0; 614
1; 604
2; 591
3; 580
4; 571
5; 563
6; 556
7; 547
8; 539
9; 527
10; 518
11; 508
12; 495
13; 483
14; 471
15; 457
0; 444
1; 435
2; 429
3; 424
4; 421
5; 421
6; 420
7; 422
8; 421
9; 422
10; 424
11; 423
12; 425
13; 427
14; 430
15; 434
0; 437
1; 443
2; 448
3; 454
4; 460
5; 466
6; 471
7; 476
8; 477
9; 478
10; 478
11; 481
12; 483
13; 484
14; 488
15; 492
0; 495
1; 497
2; 499
3; 503
4; 505
5; 508
6; 511
7; 510
8; 512
9; 513
10; 515
11; 515
12; 516
13; 518
14; 516
15; 518
0; 517
1; 518
2; 518
3; 517
4; 519
5; 520
6; 521
7; 522
8; 523
9; 523
10; 523
11; 523
12; 522
13; 521
14; 522
15; 522
0; 522
1; 523
2; 523
3; 523
4; 521
5; 521
6; 520
7; 519
8; 519
9; 519
10; 518
11; 519
12; 521
13; 524
14; 525
15; 526
0; 528
1; 528
2; 528
3; 528
4; 527
5; 528
6; 527
7; 531
8; 534
9; 537
10; 542
11; 543
12; 544
13; 545
14; 546
15; 547
0; 545
1; 547
2; 548
3; 550
4; 552
5; 552
6; 553
7; 555
8; 556
9; 557
10; 557
11; 559
12; 560
13; 561
14; 566
15; 567
0; 569
1; 571
2; 573
3; 575
4; 576
5; 579
6; 579
7; 581
8; 582
9; 582
10; 584
11; 584
12; 585
13; 586
14; 585
15; 587
0; 587
1; 587
2; 589
3; 589
4; 589
5; 589
6; 590
7; 591
8; 588
9; 591
10; 590
11; 588
12; 588
13; 585
14; 583
15; 581
0; 577
1; 575
2; 572
3; 569
4; 567
5; 565
6; 564
7; 560
8; 560
9; 558
10; 558
11; 558
12; 556
13; 556
14; 553
15; 550
0; 547
1; 542
2; 541
3; 537
4; 533
5; 533
6; 530
7; 529
8; 527
9; 524
10; 523
11; 519
12; 519
13; 517
14; 516
15; 516
0; 513
1; 513
2; 511
3; 508
4; 506
5; 504
6; 503
7; 502
8; 501
9; 500
10; 496
11; 493
12; 491
13; 489
14; 487
15; 483
0; 482
1; 479
2; 477
3; 475
4; 472
5; 473
6; 473
7; 474
8; 475
9; 476
10; 476
11; 478
12; 479
13; 481
14; 482
15; 483
0; 483
1; 483
2; 485
3; 484
4; 483
5; 482
6; 479
7; 479
8; 478
9; 480
10; 480
11; 480
12; 481
13; 481
14; 481
15; 481
0; 483
1; 484
2; 483
3; 485
4; 487
5; 486
6; 488
7; 488
8; 488
9; 489
10; 490
11; 492
12; 490
13; 491
14; 492
15; 494
0; 495
1; 493
2; 492
3; 491
4; 492
5; 493
6; 491
7; 492
8; 492
9; 492
10; 492
11; 489
12; 490
13; 488
14; 487
15; 487
0; 486
1; 486
2; 485
3; 485
4; 486
5; 486
6; 487
7; 486
8; 485
9; 484
10; 483
11; 483
12; 484
13; 484
14; 486
15; 485
0; 488
1; 488
2; 490
3; 491
4; 489
5; 494
6; 494
7; 496
8; 499
9; 500
10; 501
11; 503
12; 504
13; 508
14; 509
15; 512
0; 513
1; 515
2; 516
3; 515
4; 515
5; 514
6; 513
7; 514
8; 511
9; 507
10; 502
11; 502
12; 505
13; 503
14; 504
15; 504
0; 506
1; 511
2; 512
3; 514
4; 516
5; 516
6; 519
7; 519
8; 521
9; 522
10; 522
11; 522
12; 519
13; 521
14; 521
15; 518
0; 517
1; 514
2; 513
3; 510
4; 510
5; 511
6; 510
7; 512
8; 511
9; 511
10; 514
11; 514
12; 514
13; 512
14; 514
15; 518
0; 518
1; 520
2; 519
3; 518
4; 518
5; 516
6; 517
7; 518
8; 519
9; 521
10; 518
11; 516
12; 511
13; 510
14; 507
15; 505
0; 507
1; 507
2; 507
3; 507
4; 505
5; 505
6; 503
7; 501
8; 498
9; 498
10; 499
11; 498
12; 498
13; 498
14; 498
15; 499
0; 499
1; 498
2; 501
3; 500
4; 503
5; 505
6; 505
7; 508
8; 507
9; 505
10; 505
11; 504
12; 503
13; 501
14; 502
15; 500
0; 501
1; 502
2; 500
3; 500
4; 497
5; 496
6; 497
7; 498
8; 500
9; 502
10; 503
11; 504
12; 503
13; 504
14; 502
15; 499
0; 498
1; 498
2; 499
3; 498
4; 496
5; 496
6; 494
7; 491
8; 487
9; 485
10; 482
11; 480
12; 481
13; 481
14; 479
15; 478
0; 479
1; 482
2; 483
3; 485
4; 490
5; 493
6; 498
7; 503
8; 509
9; 517
10; 524
11; 527
12; 532
13; 537
14; 550
15; 560
0; 570
1; 581
2; 592
3; 605
4; 613
5; 625
6; 632
7; 638
8; 643
9; 646
10; 648
11; 646
12; 634
13; 621
14; 606
15; 595
0; 583
1; 573
2; 567
3; 557
4; 548
5; 538
6; 530
7; 521
8; 509
9; 493
10; 477
11; 462
12; 447
13; 434
14; 424
15; 415
0; 411
1; 408
2; 407
3; 410
4; 414
5; 416
6; 422
7; 427
8; 430
9; 433
10; 436
11; 441
12; 446
13; 449
14; 451
15; 453
0; 458
1; 463
2; 470
3; 477
4; 486
5; 492
6; 496
7; 500
8; 501
9; 504
10; 505
11; 508
12; 509
13; 513
14; 516
15; 518
0; 517
1; 519
2; 521
3; 521
4; 524
5; 524
6; 527
7; 529
8; 526
9; 527
10; 528
11; 531
12; 531
13; 530
14; 531
15; 528
0; 529
1; 528
2; 527
3; 529
4; 527
5; 527
6; 526
7; 524
8; 523
9; 520
10; 520
11; 519
12; 518
13; 520
14; 520
15; 524
0; 526
1; 528
2; 532
3; 533
4; 533
5; 533
6; 531
7; 533
8; 531
9; 532
10; 533
11; 534
12; 537
13; 539
14; 540
15; 540
0; 541
1; 542
2; 539
3; 540
4; 539
5; 537
6; 539
7; 541
8; 544
9; 547
10; 550
11; 556
12; 559
13; 564
14; 566
15; 567
0; 568
1; 568
2; 569
3; 568
4; 567
5; 569
6; 568
7; 571
8; 571
9; 572
10; 575
11; 575
12; 579
13; 582
14; 583
15; 589
0; 589
1; 592
2; 594
3; 596
4; 602
5; 602
6; 602
7; 603
8; 604
9; 605
10; 602
11; 604
12; 604
13; 603
14; 603
15; 600
0; 600
1; 598
2; 596
3; 596
4; 594
5; 591
6; 590
7; 588
8; 588
9; 586
10; 588
11; 588
12; 585
13; 584
14; 579
15; 578
0; 574
1; 573
2; 575
3; 572
4; 571
5; 567
6; 561
7; 559
8; 553
9; 551
10; 545
11; 542
12; 539
13; 534
14; 532
15; 528
0; 525
1; 526
2; 526
3; 526
4; 526
5; 525
6; 524
7; 519
8; 516
9; 515
10; 515
11; 514
12; 511
13; 508
14; 504
15; 501
0; 496
1; 492
2; 489
3; 485
4; 483
5; 480
6; 477
7; 480
8; 480
9; 483
10; 484
11; 484
12; 484
13; 484
14; 483
15; 482
0; 480
1; 479
2; 476
3; 476
4; 476
5; 473
6; 468
7; 468
8; 466
9; 467
10; 465
11; 466
12; 465
13; 464
14; 464
15; 463
0; 464
1; 463
2; 460
3; 460
4; 455
5; 456
6; 455
7; 454
8; 454
9; 457
10; 462
11; 461
12; 457
13; 455
14; 451
15; 454
0; 459
1; 464
2; 465
3; 464
4; 464
5; 462
6; 460
7; 462
8; 463
9; 462
10; 462
11; 466
12; 468
13; 467
14; 466
15; 465
0; 466
1; 468
2; 466
3; 465
4; 465
5; 466
6; 465
7; 465
8; 465
9; 464
10; 462
11; 460
12; 461
13; 463
14; 462
15; 464
0; 464
1; 464
2; 465
3; 466
4; 468
5; 467
6; 467
7; 469
8; 470
9; 468
10; 471
11; 469
12; 470
13; 472
14; 473
15; 478
0; 476
1; 478
2; 475
3; 475
4; 473
5; 470
6; 471
7; 468
8; 468
9; 468
10; 470
11; 473
12; 476
13; 478
14; 479
15; 479
0; 479
1; 479
2; 480
3; 481
4; 480
5; 482
6; 483
7; 485
8; 486
9; 486
10; 487
11; 487
12; 486
13; 487
14; 486
15; 488
0; 489
1; 491
2; 492
3; 494
4; 497
5; 497
6; 497
7; 499
8; 499
9; 500
10; 501
11; 501
12; 503
13; 502
14; 503
15; 503
0; 501
1; 502
2; 502
3; 502
4; 501
5; 503
6; 503
7; 503
8; 504
9; 503
10; 504
11; 507
12; 508
13; 512
14; 513
15; 512
0; 512
1; 510
2; 509
3; 507
4; 506
5; 505
6; 500
7; 498
8; 495
9; 491
10; 490
11; 487
12; 484
13; 483
14; 482
15; 481
0; 480
1; 481
2; 480
3; 478
4; 478
5; 476
6; 473
7; 472
8; 473
9; 476
10; 476
11; 475
12; 474
13; 476
14; 475
15; 473
0; 472
1; 471
2; 470
3; 473
4; 473
5; 475
6; 478
7; 479
8; 480
9; 481
10; 481
11; 481
12; 480
13; 481
14; 480
15; 479
0; 478
1; 479
2; 480
3; 481
4; 483
5; 482
6; 481
7; 483
8; 482
9; 483
10; 482
11; 481
12; 482
13; 480
14; 479
15; 480
0; 480
1; 481
2; 483
3; 484
4; 483
5; 481
6; 480
7; 477
8; 474
9; 470
10; 464
11; 459
12; 454
13; 450
14; 447
15; 445
0; 446
1; 447
2; 449
3; 453
4; 456
5; 463
6; 468
7; 476
8; 484
9; 494
10; 501
11; 508
12; 518
13; 526
14; 536
15; 547
0; 554
1; 567
2; 578
3; 588
4; 599
5; 607
6; 615
7; 623
8; 627
9; 633
10; 636
11; 635
12; 626
13; 613
14; 601
15; 586
0; 574
1; 563
2; 555
3; 547
4; 536
5; 526
6; 515
7; 502
8; 487
9; 471
10; 455
11; 436
12; 420
13; 408
14; 400
15; 395
0; 391
1; 390
2; 391
3; 394
4; 397
5; 399
6; 402
7; 404
8; 405
9; 409
10; 411
11; 413
12; 415
13; 419
14; 424
15; 428
0; 433
1; 439
2; 444
3; 451
4; 455
5; 460
6; 465
7; 468
8; 472
9; 476
10; 481
11; 485
12; 487
13; 489
14; 491
15; 491
0; 492
1; 491
2; 495
3; 496
4; 500
5; 503
6; 504
7; 507
8; 507
9; 508
10; 508
11; 511
12; 513
13; 514
14; 515
15; 515
0; 512
1; 515
2; 515
3; 515
4; 515
5; 515
6; 515
7; 516
8; 516
9; 516
10; 515
11; 517
12; 515
13; 514
14; 513
15; 512
0; 510
1; 509
2; 510
3; 512
4; 513
5; 516
6; 518
7; 521
8; 525
9; 525
10; 525
11; 523
12; 522
13; 524
14; 523
15; 524
0; 524
1; 524
2; 529
3; 528
4; 532
5; 533
6; 536
7; 540
8; 541
9; 543
10; 543
11; 543
12; 543
13; 541
14; 543
15; 544
0; 543
1; 545
2; 545
3; 547
4; 550
5; 551
6; 553
7; 554
8; 556
9; 557
10; 559
11; 563
12; 565
13; 571
14; 573
15; 576
0; 581
1; 582
2; 583
3; 583
4; 582
5; 585
6; 586
7; 586
8; 587
9; 589
10; 590
11; 590
12; 594
13; 595
14; 595
15; 598
0; 596
1; 595
2; 595
3; 593
4; 593
5; 592
6; 593
7; 593
8; 591
9; 590
10; 588
11; 586
12; 582
13; 580
14; 577
15; 572
0; 570
1; 566
2; 562
3; 558
4; 554
5; 552
6; 552
7; 547
8; 545
9; 540
10; 538
11; 533
12; 531
13; 529
14; 526
15; 524
0; 523
1; 520
2; 519
3; 517
4; 515
5; 511
6; 511
7; 512
8; 510
9; 506
10; 503
11; 504
12; 503
13; 500
14; 498
15; 496
0; 494
1; 492
2; 489
3; 487
4; 485
5; 482
6; 479
7; 477
8; 476
9; 473
10; 471
11; 470
12; 468
13; 470
14; 466
15; 464
0; 465
1; 467
2; 465
3; 463
4; 462
5; 462
6; 463
7; 463
8; 462
9; 462
10; 462
11; 461
12; 461
13; 461
14; 463
15; 465
0; 461
1; 460
2; 460
3; 458
4; 457
5; 456
6; 455
7; 453
8; 449
9; 448
10; 449
11; 453
12; 454
13; 454
14; 454
15; 456
0; 457
1; 456
2; 456
3; 456
4; 455
5; 456
6; 457
7; 459
8; 459
9; 459
10; 459
11; 460
12; 462
13; 463
14; 465
15; 467
0; 467
1; 467
2; 468
3; 468
4; 471
5; 471
6; 473
7; 476
8; 476
9; 475
10; 473
11; 472
12; 472
13; 467
14; 465
15; 467
0; 470
1; 473
2; 474
3; 475
4; 477
5; 476
6; 473
7; 473
8; 475
9; 475
10; 476
11; 475
12; 476
13; 478
14; 478
15; 479
0; 480
1; 482
2; 483
3; 481
4; 483
5; 484
6; 483
7; 488
8; 486
9; 486
10; 486
11; 483
12; 483
13; 481
14; 480
15; 478
0; 477
1; 480
2; 478
3; 476
4; 478
5; 477
6; 478
7; 479
8; 480
9; 480
10; 481
11; 484
12; 485
13; 487
14; 488
15; 488
0; 489
1; 490
2; 491
3; 494
4; 495
5; 497
6; 497
7; 498
8; 498
9; 498
10; 499
11; 499
12; 498
13; 498
14; 496
15; 497
0; 499
1; 502
2; 504
3; 505
4; 510
5; 513
6; 514
7; 517
8; 514
9; 513
10; 513
11; 511
12; 512
13; 507
14; 506
15; 507
0; 504
1; 505
2; 505
3; 510
4; 508
5; 508
6; 510
7; 509
8; 506
9; 502
10; 501
11; 499
12; 497
13; 496
14; 489
15; 482
0; 479
1; 476
2; 475
3; 472
4; 471
5; 470
6; 471
7; 473
8; 474
9; 476
10; 478
11; 478
12; 480
13; 481
14; 480
15; 480
0; 481
1; 482
2; 480
3; 480
4; 480
5; 479
6; 480
7; 480
8; 481
9; 483
10; 479
11; 477
12; 476
13; 476
14; 475
15; 472
0; 471
1; 470
2; 471
3; 470
4; 469
5; 471
6; 471
7; 472
8; 474
9; 478
10; 483
11; 487
12; 490
13; 491
14; 491
15; 495
0; 495
1; 491
2; 487
3; 483
4; 481
5; 479
6; 477
7; 477
8; 477
9; 479
10; 477
11; 475
12; 474
13; 474
14; 478
15; 480
0; 484
1; 490
2; 495
3; 502
4; 507
5; 512
6; 523
7; 531
8; 537
9; 545
10; 555
11; 569
12; 580
13; 590
14; 600
15; 609
0; 619
1; 621
2; 627
3; 630
4; 629
5; 627
6; 613
7; 598
8; 583
9; 572
10; 569
11; 562
12; 558
13; 554
14; 547
15; 543
0; 534
1; 524
2; 515
3; 502
4; 486
5; 465
6; 450
7; 437
8; 429
9; 422
10; 416
11; 414
12; 412
13; 411
14; 412
15; 413
0; 414
1; 412
2; 411
3; 412
4; 417
5; 421
6; 425
7; 431
8; 435
9; 440
10; 447
11; 452
12; 457
13; 462
14; 466
15; 471
0; 472
1; 475
2; 478
3; 481
4; 487
5; 490
6; 492
7; 494
8; 493
9; 493
10; 493
11; 494
12; 495
13; 494
14; 495
15; 497
0; 501
1; 504
2; 506
3; 510
4; 510
5; 510
6; 509
7; 508
8; 508
9; 508
10; 508
11; 508
12; 508
13; 513
14; 513
15; 510
0; 511
1; 508
2; 507
3; 508
4; 507
5; 512
6; 512
7; 515
8; 517
9; 516
10; 519
11; 521
12; 522
13; 524
14; 525
15; 529
0; 525
1; 527
2; 527
3; 528
4; 528
5; 529
6; 530
7; 530
8; 530
9; 532
10; 531
11; 532
12; 531
13; 531
14; 531
15; 533
0; 535
1; 534
2; 532
3; 533
4; 531
5; 532
6; 533
7; 533
8; 535
9; 539
10; 540
11; 543
12; 544
13; 542
14; 540
15; 543
0; 545
1; 544
2; 544
3; 545
4; 547
5; 549
6; 550
7; 552
8; 553
9; 554
10; 555
11; 560
12; 564
13; 567
14; 572
15; 574
0; 575
1; 579
2; 580
3; 583
4; 583
5; 586
6; 588
7; 588
8; 588
9; 588
10; 590
11; 593
12; 595
13; 596
14; 593
15; 591
0; 589
1; 590
2; 593
3; 591
4; 589
5; 585
6; 583
7; 583
8; 580
9; 579
10; 577
11; 572
12; 570
13; 565
14; 560
15; 558
0; 556
1; 553
2; 552
3; 551
4; 549
5; 545
6; 544
7; 542
8; 537
9; 533
10; 527
11; 522
12; 519
13; 517
14; 512
15; 508
0; 505
1; 500
2; 497
3; 496
4; 493
5; 491
6; 489
7; 488
8; 489
9; 488
10; 489
11; 487
12; 488
13; 488
14; 488
15; 489
0; 485
1; 483
2; 479
3; 475
4; 478
5; 480
6; 479
7; 477
8; 475
9; 473
10; 473
11; 473
12; 472
13; 469
14; 467
15; 464
0; 463
1; 462
2; 463
3; 466
4; 468
5; 467
6; 467
7; 467
8; 467
9; 465
10; 465
11; 466
12; 464
13; 464
14; 463
15; 463
0; 465
1; 465
2; 467
3; 468
4; 471
5; 473
6; 475
7; 477
8; 479
9; 482
10; 484
11; 484
12; 485
13; 484
14; 487
15; 488
0; 488
1; 489
2; 488
3; 488
4; 487
5; 487
6; 489
7; 487
8; 485
9; 482
10; 478
11; 480
12; 478
13; 477
14; 478
15; 479
0; 481
1; 480
2; 482
3; 483
4; 481
5; 482
6; 482
7; 482
8; 483
9; 482
10; 483
11; 483
12; 485
13; 486
14; 485
15; 486
0; 486
1; 488
2; 491
3; 491
4; 493
5; 493
6; 495
7; 496
8; 495
9; 495
10; 495
11; 496
12; 496
13; 496
14; 497
15; 497
0; 496
1; 497
2; 497
3; 500
4; 499
5; 499
6; 499
7; 499
8; 499
9; 499
10; 499
11; 499
12; 497
13; 499
14; 499
15; 500
0; 502
1; 504
2; 507
3; 508
4; 510
5; 511
6; 509
7; 510
8; 507
9; 505
10; 505
11; 504
12; 503
13; 503
14; 501
15; 503
0; 502
1; 503
2; 504
3; 504
4; 507
5; 510
6; 511
7; 511
8; 512
9; 516
10; 514
11; 514
12; 511
13; 509
14; 506
15; 505
0; 504
1; 502
2; 500
3; 500
4; 498
5; 497
6; 496
7; 495
8; 495
9; 494
10; 494
11; 494
12; 494
13; 494
14; 492
15; 491
0; 489
1; 488
2; 487
3; 485
4; 487
5; 487
6; 487
7; 490
8; 490
9; 491
10; 491
11; 492
12; 492
13; 490
14; 489
15; 488
0; 488
1; 489
2; 490
3; 492
4; 492
5; 491
6; 491
7; 489
8; 490
9; 489
10; 490
11; 488
12; 487
13; 488
14; 488
15; 488
0; 487
1; 487
2; 486
3; 486
4; 487
5; 487
6; 487
7; 489
8; 488
9; 489
10; 489
11; 487
12; 489
13; 489
14; 491
15; 492
0; 492
1; 493
2; 492
3; 492
4; 493
5; 492
6; 492
7; 493
8; 494
9; 492
10; 487
11; 486
12; 483
13; 483
14; 483
15; 484
0; 487
1; 490
2; 494
3; 502
4; 508
5; 514
6; 521
7; 529
8; 537
9; 544
10; 555
11; 566
12; 576
13; 588
14; 597
15; 607
0; 614
1; 622
2; 628
3; 632
4; 635
5; 637
6; 633
7; 626
8; 614
9; 604
10; 596
11; 589
12; 584
13; 579
14; 575
15; 570
0; 563
1; 557
2; 547
3; 536
4; 525
5; 512
6; 499
7; 483
8; 467
9; 455
10; 447
11; 442
12; 437
13; 435
14; 433
15; 434
0; 434
1; 434
2; 436
3; 437
4; 439
5; 440
6; 440
7; 443
8; 444
9; 447
10; 451
11; 454
12; 457
13; 460
14; 465
15; 468
0; 472
1; 476
2; 479
3; 483
4; 487
5; 489
6; 495
7; 497
8; 500
9; 502
10; 502
11; 504
12; 505
13; 507
14; 509
15; 510
0; 510
1; 511
2; 513
3; 515
4; 515
5; 517
6; 518
7; 518
8; 519
9; 518
10; 520
11; 520
12; 521
13; 523
14; 521
15; 522
0; 522
1; 521
2; 522
3; 523
4; 523
5; 523
6; 521
7; 522
8; 521
9; 521
10; 519
11; 519
12; 518
13; 518
14; 518
15; 519
0; 520
1; 522
2; 523
3; 524
4; 525
5; 525
6; 528
7; 529
8; 531
9; 531
10; 532
11; 535
12; 535
13; 536
14; 536
15; 536
0; 538
1; 539
2; 540
3; 539
4; 539
5; 540
6; 539
7; 539
8; 540
9; 541
10; 543
11; 542
12; 543
13; 544
14; 545
15; 549
0; 548
1; 548
2; 548
3; 549
4; 551
5; 552
6; 553
7; 553
8; 554
9; 555
10; 556
11; 558
12; 557
13; 556
14; 559
15; 562
0; 565
1; 567
2; 570
3; 574
4; 576
5; 579
6; 582
7; 584
8; 585
9; 586
10; 587
11; 588
12; 588
13; 588
14; 588
15; 590
0; 589
1; 588
2; 590
3; 589
4; 589
5; 587
6; 587
7; 587
8; 584
9; 583
10; 581
11; 579
12; 579
13; 576
14; 573
15; 571
0; 568
1; 564
2; 560
3; 559
4; 557
5; 555
6; 552
7; 551
8; 550
9; 547
10; 544
11; 542
12; 537
13; 534
14; 530
15; 525
0; 524
1; 521
2; 520
3; 519
4; 519
5; 519
6; 517
7; 518
8; 514
9; 513
10; 512
11; 508
12; 502
13; 501
14; 500
15; 498
0; 495
1; 496
2; 495
3; 494
4; 494
5; 492
6; 492
7; 491
8; 487
9; 487
10; 487
11; 488
12; 486
13; 486
14; 487
15; 487
0; 489
1; 488
2; 487
3; 486
4; 483
5; 483
6; 483
7; 483
8; 484
9; 483
10; 485
11; 487
12; 487
13; 488
14; 488
15; 489
0; 489
1; 489
2; 488
3; 487
4; 487
5; 488
6; 487
7; 487
8; 487
9; 485
10; 485
11; 485
12; 484
13; 484
14; 484
15; 483
0; 484
1; 487
2; 486
3; 485
4; 485
5; 485
6; 486
7; 486
8; 487
9; 488
10; 491
11; 490
12; 490
13; 492
14; 492
15; 493
0; 495
1; 495
2; 495
3; 494
4; 495
5; 494
6; 494
7; 493
8; 492
9; 490
10; 489
11; 489
12; 491
13; 494
14; 494
15; 495
0; 494
1; 494
2; 493
3; 491
4; 491
5; 491
6; 490
7; 487
8; 488
9; 490
10; 491
11; 490
12; 491
13; 492
14; 492
15; 494
0; 493
1; 491
2; 492
3; 496
4; 498
5; 501
6; 502
7; 503
8; 501
9; 501
10; 504
11; 504
12; 504
13; 504
14; 502
15; 500
0; 499
1; 499
2; 500
3; 498
4; 500
5; 501
6; 503
7; 504
8; 504
9; 505
10; 505
11; 509
12; 511
13; 511
14; 513
15; 512
0; 512
1; 513
2; 512
3; 513
4; 513
5; 515
6; 514
7; 515
8; 512
9; 511
10; 509
11; 508
12; 508
13; 510
14; 511
15; 510
0; 510
1; 511
2; 510
3; 510
4; 510
5; 510
6; 510
7; 512
8; 511
9; 509
10; 512
11; 511
12; 508
13; 504
14; 503
15; 502
0; 498
1; 496
2; 492
3; 489
4; 487
5; 483
6; 482
7; 481
8; 483
9; 485
10; 483
11; 483
12; 483
13; 484
14; 486
15; 486
0; 484
1; 484
2; 484
3; 486
4; 487
5; 489
6; 490
7; 492
8; 494
9; 497
10; 499
11; 501
12; 502
13; 504
14; 503
15; 504
0; 503
1; 504
2; 502
3; 499
4; 503
5; 502
6; 502
7; 504
8; 503
9; 502
10; 502
11; 500
12; 502
13; 499
14; 501
15; 501
0; 499
1; 497
2; 496
3; 495
4; 495
5; 494
6; 495
7; 493
8; 492
9; 489
10; 491
11; 492
12; 491
13; 489
14; 487
15; 483
0; 482
1; 479
2; 476
3; 475
4; 473
5; 475
6; 476
7; 476
8; 476
9; 479
10; 482
11; 485
12; 492
13; 498
14; 505
15; 513
0; 521
1; 530
2; 537
3; 546
4; 554
5; 561
6; 571
7; 580
8; 589
9; 599
10; 608
11; 618
12; 626
13; 632
14; 638
15; 643
0; 647
1; 648
2; 641
3; 628
4; 614
5; 603
6; 591
7; 583
8; 574
9; 564
10; 558
11; 549
12; 539
13; 528
14; 515
15; 503
0; 487
1; 473
2; 459
3; 441
4; 428
5; 416
6; 407
7; 406
8; 406
9; 404
10; 401
11; 401
12; 402
13; 406
14; 411
15; 414
0; 419
1; 421
2; 424
3; 430
4; 435
5; 441
6; 447
7; 453
8; 459
9; 463
10; 469
11; 472
12; 476
13; 479
14; 481
15; 484
0; 487
1; 490
2; 494
3; 494
4; 496
5; 498
6; 499
7; 503
8; 504
9; 505
10; 502
11; 501
12; 500
13; 499
14; 498
15; 499
0; 498
1; 500
2; 500
3; 505
4; 509
5; 510
6; 512
7; 514
8; 516
9; 518
10; 518
11; 518
12; 517
13; 518
14; 518
15; 519
0; 519
1; 521
2; 523
3; 524
4; 524
5; 526
6; 524
7; 526
8; 527
9; 526
10; 527
11; 527
12; 528
13; 529
14; 529
15; 531
0; 531
1; 533
2; 534
3; 535
4; 535
5; 535
6; 535
7; 536
8; 536
9; 539
10; 541
11; 540
12; 542
13; 543
14; 543
15; 543
0; 543
1; 545
2; 546
3; 546
4; 547
5; 547
6; 551
7; 550
8; 554
9; 554
10; 555
11; 557
12; 558
13; 561
14; 562
15; 565
0; 568
1; 570
2; 575
3; 577
4; 580
5; 581
6; 580
7; 581
8; 580
9; 581
10; 581
11; 580
12; 582
13; 583
14; 586
15; 588
0; 589
1; 591
2; 593
3; 595
4; 596
5; 598
6; 597
7; 597
8; 595
9; 594
10; 595
11; 594
12; 591
13; 590
14; 589
15; 588
0; 587
1; 584
2; 583
3; 579
4; 577
5; 575
6; 574
7; 573
8; 571
9; 567
10; 568
11; 565
12; 563
13; 563
14; 560
15; 558
0; 555
1; 553
2; 550
3; 547
4; 544
5; 541
6; 539
7; 538
8; 534
9; 531
10; 528
11; 526
12; 524
13; 523
14; 521
15; 517
0; 514
1; 511
2; 507
3; 504
4; 500
